Los Alamos National Laboratory Poisson Superfish
Program Automesh written by James H. Billen and Lloyd M. Young

The original Poisson Superfish codes were developed
by Ron F. Holsinger in collaboration with Klaus Halbach.
These programs are provided as a service to the accelerator
community by the Los Alamos Accelerator Code Group (LAACG).

(c) Copyright 1985-2005, by the Regents of the University of California.        
This software was produced under U. S. Government contract W-7405-ENG-36        
by Los Alamos National Laboratory, which is operated by the University          
of California for the U. S. Department of Energy.  Neither the Government       
nor the University makes any warranty, express or implied, or assumes           
any liability or responsibility for its use, or represents that use of          
this software would not infringe privately owned rights.                        
Unpublished - rights reserved under Copyright Laws of the United States.        


Program Automesh  7.17  released 1-13-2006 
Program file: C:\LANL\AUTOFISH.EXE
Problem file: C:\USERS\VITOR25023\DOCUMENTS\RFC_MAKER\OUTPUT.AF  1-12-2026  11:58:12
SF.INI file: C:\LANL\SF.INI  1-05-2026  14:43:34

Problem description:
RF cavity

Coordinates and lengths have dimensions of centimeters.

Region data:
IREG      =  1
MAT       =  1
CUR       =  0.0
DEN       =  0.0
ITRI      =  0            [equal weight triangles]
IBOUND    =  1            [Neumann boundary]
IPDIAG    =  0            [no extra Automesh diagnostics]
DX        =  0.2
XMIN      =  0.0
XMAX      =  18
DY        =  0.1732051    [=DX*sin(60)]
YMIN      =  0.0
YMAX      =  22.96
DX1       =  0.2
KMAX      =  91
DY1       =  0.1726316
LMAX      =  134
ITOT      =  12648
Memory used for the solution file:     455.328 K
Memory used for Automesh setup data:   259.768 K

Region 1 boundary points from the PO namelist:
  Point  NT    X0          Y0          X           Y           R          THETA        A           B
     1   1                            0.000       0.000
     2   1                            0.000       22.96
     3   1                            15.00       22.96
     4   1                            15.00       1.000
     5   1                            18.00       1.000
     6   1                            18.00       0.000
     7   1                            0.000       0.000
 
Number of user-supplied fixed points      =     7
Fixed points added at line regions        =     0
Fixed points added on overlapping regions =     0
Total number of fixed points              =     7

Logical path finding for region 1
(includes extra boundary points at intersections of line
regions plus points from other user-supplied segments)
  Point NT    X           Y           R           A           B         Fwd   Bkw
     2   1    0.000       22.96                                          134   134
     3   1    15.00       22.96                                          76    76
     4   1    15.00       1.000                                          128   128
     5   1    18.00       1.000                                          16    16
     6   1    18.00       0.000                                          7     7
     7   1    0.000       0.000                                          91    91
 

Region 1 mesh points
      K     L        X                 Y
      1     1    0.00000000        0.00000000    
      1     2    0.00000000       0.172631579    
      1     3    0.00000000       0.345263158    
      1     4    0.00000000       0.517894737    
      1     5    0.00000000       0.690526316    
      1     6    0.00000000       0.863157895    
      1     7    0.00000000        1.03578947    
      1     8    0.00000000        1.20842105    
      1     9    0.00000000        1.38105263    
      1    10    0.00000000        1.55368421    
      1    11    0.00000000        1.72631579    
      1    12    0.00000000        1.89894737    
      1    13    0.00000000        2.07157895    
      1    14    0.00000000        2.24421053    
      1    15    0.00000000        2.41684211    
      1    16    0.00000000        2.58947368    
      1    17    0.00000000        2.76210526    
      1    18    0.00000000        2.93473684    
      1    19    0.00000000        3.10736842    
      1    20    0.00000000        3.28000000    
      1    21    0.00000000        3.45263158    
      1    22    0.00000000        3.62526316    
      1    23    0.00000000        3.79789474    
      1    24    0.00000000        3.97052632    
      1    25    0.00000000        4.14315789    
      1    26    0.00000000        4.31578947    
      1    27    0.00000000        4.48842105    
      1    28    0.00000000        4.66105263    
      1    29    0.00000000        4.83368421    
      1    30    0.00000000        5.00631579    
      1    31    0.00000000        5.17894737    
      1    32    0.00000000        5.35157895    
      1    33    0.00000000        5.52421053    
      1    34    0.00000000        5.69684211    
      1    35    0.00000000        5.86947368    
      1    36    0.00000000        6.04210526    
      1    37    0.00000000        6.21473684    
      1    38    0.00000000        6.38736842    
      1    39    0.00000000        6.56000000    
      1    40    0.00000000        6.73263158    
      1    41    0.00000000        6.90526316    
      1    42    0.00000000        7.07789474    
      1    43    0.00000000        7.25052632    
      1    44    0.00000000        7.42315789    
      1    45    0.00000000        7.59578947    
      1    46    0.00000000        7.76842105    
      1    47    0.00000000        7.94105263    
      1    48    0.00000000        8.11368421    
      1    49    0.00000000        8.28631579    
      1    50    0.00000000        8.45894737    
      1    51    0.00000000        8.63157895    
      1    52    0.00000000        8.80421053    
      1    53    0.00000000        8.97684211    
      1    54    0.00000000        9.14947368    
      1    55    0.00000000        9.32210526    
      1    56    0.00000000        9.49473684    
      1    57    0.00000000        9.66736842    
      1    58    0.00000000        9.84000000    
      1    59    0.00000000        10.0126316    
      1    60    0.00000000        10.1852632    
      1    61    0.00000000        10.3578947    
      1    62    0.00000000        10.5305263    
      1    63    0.00000000        10.7031579    
      1    64    0.00000000        10.8757895    
      1    65    0.00000000        11.0484211    
      1    66    0.00000000        11.2210526    
      1    67    0.00000000        11.3936842    
      1    68    0.00000000        11.5663158    
      1    69    0.00000000        11.7389474    
      1    70    0.00000000        11.9115789    
      1    71    0.00000000        12.0842105    
      1    72    0.00000000        12.2568421    
      1    73    0.00000000        12.4294737    
      1    74    0.00000000        12.6021053    
      1    75    0.00000000        12.7747368    
      1    76    0.00000000        12.9473684    
      1    77    0.00000000        13.1200000    
      1    78    0.00000000        13.2926316    
      1    79    0.00000000        13.4652632    
      1    80    0.00000000        13.6378947    
      1    81    0.00000000        13.8105263    
      1    82    0.00000000        13.9831579    
      1    83    0.00000000        14.1557895    
      1    84    0.00000000        14.3284211    
      1    85    0.00000000        14.5010526    
      1    86    0.00000000        14.6736842    
      1    87    0.00000000        14.8463158    
      1    88    0.00000000        15.0189474    
      1    89    0.00000000        15.1915789    
      1    90    0.00000000        15.3642105    
      1    91    0.00000000        15.5368421    
      1    92    0.00000000        15.7094737    
      1    93    0.00000000        15.8821053    
      1    94    0.00000000        16.0547368    
      1    95    0.00000000        16.2273684    
      1    96    0.00000000        16.4000000    
      1    97    0.00000000        16.5726316    
      1    98    0.00000000        16.7452632    
      1    99    0.00000000        16.9178947    
      1   100    0.00000000        17.0905263    
      1   101    0.00000000        17.2631579    
      1   102    0.00000000        17.4357895    
      1   103    0.00000000        17.6084211    
      1   104    0.00000000        17.7810526    
      1   105    0.00000000        17.9536842    
      1   106    0.00000000        18.1263158    
      1   107    0.00000000        18.2989474    
      1   108    0.00000000        18.4715789    
      1   109    0.00000000        18.6442105    
      1   110    0.00000000        18.8168421    
      1   111    0.00000000        18.9894737    
      1   112    0.00000000        19.1621053    
      1   113    0.00000000        19.3347368    
      1   114    0.00000000        19.5073684    
      1   115    0.00000000        19.6800000    
      1   116    0.00000000        19.8526316    
      1   117    0.00000000        20.0252632    
      1   118    0.00000000        20.1978947    
      1   119    0.00000000        20.3705263    
      1   120    0.00000000        20.5431579    
      1   121    0.00000000        20.7157895    
      1   122    0.00000000        20.8884211    
      1   123    0.00000000        21.0610526    
      1   124    0.00000000        21.2336842    
      1   125    0.00000000        21.4063158    
      1   126    0.00000000        21.5789474    
      1   127    0.00000000        21.7515789    
      1   128    0.00000000        21.9242105    
      1   129    0.00000000        22.0968421    
      1   130    0.00000000        22.2694737    
      1   131    0.00000000        22.4421053    
      1   132    0.00000000        22.6147368    
      1   133    0.00000000        22.7873684    
      1   134    0.00000000        22.9600000    
      2   134   0.200000000        22.9600000    
      3   134   0.400000000        22.9600000    
      4   134   0.600000000        22.9600000    
      5   134   0.800000000        22.9600000    
      6   134    1.00000000        22.9600000    
      7   134    1.20000000        22.9600000    
      8   134    1.40000000        22.9600000    
      9   134    1.60000000        22.9600000    
     10   134    1.80000000        22.9600000    
     11   134    2.00000000        22.9600000    
     12   134    2.20000000        22.9600000    
     13   134    2.40000000        22.9600000    
     14   134    2.60000000        22.9600000    
     15   134    2.80000000        22.9600000    
     16   134    3.00000000        22.9600000    
     17   134    3.20000000        22.9600000    
     18   134    3.40000000        22.9600000    
     19   134    3.60000000        22.9600000    
     20   134    3.80000000        22.9600000    
     21   134    4.00000000        22.9600000    
     22   134    4.20000000        22.9600000    
     23   134    4.40000000        22.9600000    
     24   134    4.60000000        22.9600000    
     25   134    4.80000000        22.9600000    
     26   134    5.00000000        22.9600000    
     27   134    5.20000000        22.9600000    
     28   134    5.40000000        22.9600000    
     29   134    5.60000000        22.9600000    
     30   134    5.80000000        22.9600000    
     31   134    6.00000000        22.9600000    
     32   134    6.20000000        22.9600000    
     33   134    6.40000000        22.9600000    
     34   134    6.60000000        22.9600000    
     35   134    6.80000000        22.9600000    
     36   134    7.00000000        22.9600000    
     37   134    7.20000000        22.9600000    
     38   134    7.40000000        22.9600000    
     39   134    7.60000000        22.9600000    
     40   134    7.80000000        22.9600000    
     41   134    8.00000000        22.9600000    
     42   134    8.20000000        22.9600000    
     43   134    8.40000000        22.9600000    
     44   134    8.60000000        22.9600000    
     45   134    8.80000000        22.9600000    
     46   134    9.00000000        22.9600000    
     47   134    9.20000000        22.9600000    
     48   134    9.40000000        22.9600000    
     49   134    9.60000000        22.9600000    
     50   134    9.80000000        22.9600000    
     51   134    10.0000000        22.9600000    
     52   134    10.2000000        22.9600000    
     53   134    10.4000000        22.9600000    
     54   134    10.6000000        22.9600000    
     55   134    10.8000000        22.9600000    
     56   134    11.0000000        22.9600000    
     57   134    11.2000000        22.9600000    
     58   134    11.4000000        22.9600000    
     59   134    11.6000000        22.9600000    
     60   134    11.8000000        22.9600000    
     61   134    12.0000000        22.9600000    
     62   134    12.2000000        22.9600000    
     63   134    12.4000000        22.9600000    
     64   134    12.6000000        22.9600000    
     65   134    12.8000000        22.9600000    
     66   134    13.0000000        22.9600000    
     67   134    13.2000000        22.9600000    
     68   134    13.4000000        22.9600000    
     69   134    13.6000000        22.9600000    
     70   134    13.8000000        22.9600000    
     71   134    14.0000000        22.9600000    
     72   134    14.2000000        22.9600000    
     73   134    14.4000000        22.9600000    
     74   134    14.6000000        22.9600000    
     75   134    14.8000000        22.9600000    
     76   134    15.0000000        22.9600000    
     76   133    15.0000000        22.7870866    
     76   132    15.0000000        22.6141732    
     76   131    15.0000000        22.4412598    
     76   130    15.0000000        22.2683465    
     76   129    15.0000000        22.0954331    
     76   128    15.0000000        21.9225197    
     76   127    15.0000000        21.7496063    
     76   126    15.0000000        21.5766929    
     76   125    15.0000000        21.4037795    
     76   124    15.0000000        21.2308661    
     76   123    15.0000000        21.0579528    
     76   122    15.0000000        20.8850394    
     76   121    15.0000000        20.7121260    
     76   120    15.0000000        20.5392126    
     76   119    15.0000000        20.3662992    
     76   118    15.0000000        20.1933858    
     76   117    15.0000000        20.0204724    
     76   116    15.0000000        19.8475591    
     76   115    15.0000000        19.6746457    
     76   114    15.0000000        19.5017323    
     76   113    15.0000000        19.3288189    
     76   112    15.0000000        19.1559055    
     76   111    15.0000000        18.9829921    
     76   110    15.0000000        18.8100787    
     76   109    15.0000000        18.6371654    
     76   108    15.0000000        18.4642520    
     76   107    15.0000000        18.2913386    
     76   106    15.0000000        18.1184252    
     76   105    15.0000000        17.9455118    
     76   104    15.0000000        17.7725984    
     76   103    15.0000000        17.5996850    
     76   102    15.0000000        17.4267717    
     76   101    15.0000000        17.2538583    
     76   100    15.0000000        17.0809449    
     76    99    15.0000000        16.9080315    
     76    98    15.0000000        16.7351181    
     76    97    15.0000000        16.5622047    
     76    96    15.0000000        16.3892913    
     76    95    15.0000000        16.2163780    
     76    94    15.0000000        16.0434646    
     76    93    15.0000000        15.8705512    
     76    92    15.0000000        15.6976378    
     76    91    15.0000000        15.5247244    
     76    90    15.0000000        15.3518110    
     76    89    15.0000000        15.1788976    
     76    88    15.0000000        15.0059843    
     76    87    15.0000000        14.8330709    
     76    86    15.0000000        14.6601575    
     76    85    15.0000000        14.4872441    
     76    84    15.0000000        14.3143307    
     76    83    15.0000000        14.1414173    
     76    82    15.0000000        13.9685039    
     76    81    15.0000000        13.7955906    
     76    80    15.0000000        13.6226772    
     76    79    15.0000000        13.4497638    
     76    78    15.0000000        13.2768504    
     76    77    15.0000000        13.1039370    
     76    76    15.0000000        12.9310236    
     76    75    15.0000000        12.7581102    
     76    74    15.0000000        12.5851969    
     76    73    15.0000000        12.4122835    
     76    72    15.0000000        12.2393701    
     76    71    15.0000000        12.0664567    
     76    70    15.0000000        11.8935433    
     76    69    15.0000000        11.7206299    
     76    68    15.0000000        11.5477165    
     76    67    15.0000000        11.3748031    
     76    66    15.0000000        11.2018898    
     76    65    15.0000000        11.0289764    
     76    64    15.0000000        10.8560630    
     76    63    15.0000000        10.6831496    
     76    62    15.0000000        10.5102362    
     76    61    15.0000000        10.3373228    
     76    60    15.0000000        10.1644094    
     76    59    15.0000000        9.99149606    
     76    58    15.0000000        9.81858268    
     76    57    15.0000000        9.64566929    
     76    56    15.0000000        9.47275591    
     76    55    15.0000000        9.29984252    
     76    54    15.0000000        9.12692913    
     76    53    15.0000000        8.95401575    
     76    52    15.0000000        8.78110236    
     76    51    15.0000000        8.60818898    
     76    50    15.0000000        8.43527559    
     76    49    15.0000000        8.26236220    
     76    48    15.0000000        8.08944882    
     76    47    15.0000000        7.91653543    
     76    46    15.0000000        7.74362205    
     76    45    15.0000000        7.57070866    
     76    44    15.0000000        7.39779528    
     76    43    15.0000000        7.22488189    
     76    42    15.0000000        7.05196850    
     76    41    15.0000000        6.87905512    
     76    40    15.0000000        6.70614173    
     76    39    15.0000000        6.53322835    
     76    38    15.0000000        6.36031496    
     76    37    15.0000000        6.18740157    
     76    36    15.0000000        6.01448819    
     76    35    15.0000000        5.84157480    
     76    34    15.0000000        5.66866142    
     76    33    15.0000000        5.49574803    
     76    32    15.0000000        5.32283465    
     76    31    15.0000000        5.14992126    
     76    30    15.0000000        4.97700787    
     76    29    15.0000000        4.80409449    
     76    28    15.0000000        4.63118110    
     76    27    15.0000000        4.45826772    
     76    26    15.0000000        4.28535433    
     76    25    15.0000000        4.11244094    
     76    24    15.0000000        3.93952756    
     76    23    15.0000000        3.76661417    
     76    22    15.0000000        3.59370079    
     76    21    15.0000000        3.42078740    
     76    20    15.0000000        3.24787402    
     76    19    15.0000000        3.07496063    
     76    18    15.0000000        2.90204724    
     76    17    15.0000000        2.72913386    
     76    16    15.0000000        2.55622047    
     76    15    15.0000000        2.38330709    
     76    14    15.0000000        2.21039370    
     76    13    15.0000000        2.03748031    
     76    12    15.0000000        1.86456693    
     76    11    15.0000000        1.69165354    
     76    10    15.0000000        1.51874016    
     76     9    15.0000000        1.34582677    
     76     8    15.0000000        1.17291339    
     76     7    15.0000000        1.00000000    
     77     7    15.2000000        1.00000000    
     78     7    15.4000000        1.00000000    
     79     7    15.6000000        1.00000000    
     80     7    15.8000000        1.00000000    
     81     7    16.0000000        1.00000000    
     82     7    16.2000000        1.00000000    
     83     7    16.4000000        1.00000000    
     84     7    16.6000000        1.00000000    
     85     7    16.8000000        1.00000000    
     86     7    17.0000000        1.00000000    
     87     7    17.2000000        1.00000000    
     88     7    17.4000000        1.00000000    
     89     7    17.6000000        1.00000000    
     90     7    17.8000000        1.00000000    
     91     7    18.0000000        1.00000000    
     91     6    18.0000000       0.833333333    
     91     5    18.0000000       0.666666667    
     91     4    18.0000000       0.500000000    
     91     3    18.0000000       0.333333333    
     91     2    18.0000000       0.166666667    
     91     1    18.0000000        0.00000000    
     90     1    17.8000000        0.00000000    
     89     1    17.6000000        0.00000000    
     88     1    17.4000000        0.00000000    
     87     1    17.2000000        0.00000000    
     86     1    17.0000000        0.00000000    
     85     1    16.8000000        0.00000000    
     84     1    16.6000000        0.00000000    
     83     1    16.4000000        0.00000000    
     82     1    16.2000000        0.00000000    
     81     1    16.0000000        0.00000000    
     80     1    15.8000000        0.00000000    
     79     1    15.6000000        0.00000000    
     78     1    15.4000000        0.00000000    
     77     1    15.2000000        0.00000000    
     76     1    15.0000000        0.00000000    
     75     1    14.8000000        0.00000000    
     74     1    14.6000000        0.00000000    
     73     1    14.4000000        0.00000000    
     72     1    14.2000000        0.00000000    
     71     1    14.0000000        0.00000000    
     70     1    13.8000000        0.00000000    
     69     1    13.6000000        0.00000000    
     68     1    13.4000000        0.00000000    
     67     1    13.2000000        0.00000000    
     66     1    13.0000000        0.00000000    
     65     1    12.8000000        0.00000000    
     64     1    12.6000000        0.00000000    
     63     1    12.4000000        0.00000000    
     62     1    12.2000000        0.00000000    
     61     1    12.0000000        0.00000000    
     60     1    11.8000000        0.00000000    
     59     1    11.6000000        0.00000000    
     58     1    11.4000000        0.00000000    
     57     1    11.2000000        0.00000000    
     56     1    11.0000000        0.00000000    
     55     1    10.8000000        0.00000000    
     54     1    10.6000000        0.00000000    
     53     1    10.4000000        0.00000000    
     52     1    10.2000000        0.00000000    
     51     1    10.0000000        0.00000000    
     50     1    9.80000000        0.00000000    
     49     1    9.60000000        0.00000000    
     48     1    9.40000000        0.00000000    
     47     1    9.20000000        0.00000000    
     46     1    9.00000000        0.00000000    
     45     1    8.80000000        0.00000000    
     44     1    8.60000000        0.00000000    
     43     1    8.40000000        0.00000000    
     42     1    8.20000000        0.00000000    
     41     1    8.00000000        0.00000000    
     40     1    7.80000000        0.00000000    
     39     1    7.60000000        0.00000000    
     38     1    7.40000000        0.00000000    
     37     1    7.20000000        0.00000000    
     36     1    7.00000000        0.00000000    
     35     1    6.80000000        0.00000000    
     34     1    6.60000000        0.00000000    
     33     1    6.40000000        0.00000000    
     32     1    6.20000000        0.00000000    
     31     1    6.00000000        0.00000000    
     30     1    5.80000000        0.00000000    
     29     1    5.60000000        0.00000000    
     28     1    5.40000000        0.00000000    
     27     1    5.20000000        0.00000000    
     26     1    5.00000000        0.00000000    
     25     1    4.80000000        0.00000000    
     24     1    4.60000000        0.00000000    
     23     1    4.40000000        0.00000000    
     22     1    4.20000000        0.00000000    
     21     1    4.00000000        0.00000000    
     20     1    3.80000000        0.00000000    
     19     1    3.60000000        0.00000000    
     18     1    3.40000000        0.00000000    
     17     1    3.20000000        0.00000000    
     16     1    3.00000000        0.00000000    
     15     1    2.80000000        0.00000000    
     14     1    2.60000000        0.00000000    
     13     1    2.40000000        0.00000000    
     12     1    2.20000000        0.00000000    
     11     1    2.00000000        0.00000000    
     10     1    1.80000000        0.00000000    
      9     1    1.60000000        0.00000000    
      8     1    1.40000000        0.00000000    
      7     1    1.20000000        0.00000000    
      6     1    1.00000000        0.00000000    
      5     1   0.800000000        0.00000000    
      4     1   0.600000000        0.00000000    
      3     1   0.400000000        0.00000000    
      2     1   0.200000000        0.00000000    
      1     1    0.00000000        0.00000000    
Region 1 done, 7 fixed points, 447 total boundary points.
Logical boundary segment end points for region 1:
Segment   Starting Point    Ending Point
              K     L         K     L
    1         1     1         1   134
    2         1   134        76   134
    3        76   134        76     7
    4        76     7        91     7
    5        91     7        91     1
    6        91     1         1     1


Drive point at X = 15, K = 76, Y = 11.48, L = 68.

Region 2 mesh points
      K     L        X                 Y
     76    68    15.0000000        11.4800000    

Processing boundary data...
Memory used for additional setup arrays:  335.920 K


Region 1    Material = 1
Region boundary indicator = 1
Equal-weight triangles
Region 1 is closed.


Region 2    Material = 1
Region boundary indicator = -1
Driving field = 1
Equal-weight triangles
Region 2 contains a single point.

Logical boundary segment end points for all regions:
Segment    Starting Point        Ending Point
          Index    K     L     Index    K     L
    1        1     1     1      134     1   134
    2      134     1   134      209    76   134
    3      209    76   134      336    76     7
    4      336    76     7      351    91     7
    5      351    91     7      357    91     1
    6      357    91     1      447     1     1

Relaxation parameters, 9843 unknown points.
Optimizing mesh by successive over relaxation...
          -------X coordinate--------     -------Y coordinate--------
Cycle      Residual     ETA      RHO       Residual     ETA      RHO

     1    9.758E-03   1.0000   1.6000     2.601E-04   1.0000   1.6000
     2    1.334E-02   0.6790   1.6000     3.562E-04   0.6887   1.6000
     3    9.109E-03   0.6828   1.6000     2.458E-04   0.6899   1.6000
     4    6.192E-03   0.6798   1.6000     1.703E-04   0.6931   1.6000
     5    4.233E-03   0.6837   1.6000     1.181E-04   0.6933   1.6000
     6    2.876E-03   0.6794   1.6000     8.239E-05   0.6977   1.6000
     7    1.969E-03   0.6848   1.6000     5.736E-05   0.6962   1.6000
     8    1.342E-03   0.6815   1.6000     4.044E-05   0.7051   1.6000
     9    9.235E-04   0.6884   1.6000     2.879E-05   0.7118   1.6000
    10    6.324E-04   0.6848   1.6000     2.078E-05   0.7219   1.6000
    11    4.415E-04   0.6982   1.6000     1.530E-05   0.7362   1.6000
    12    3.079E-04   0.6973   1.6000     1.156E-05   0.7557   1.6000
    13    2.235E-04   0.7259   1.6000     9.042E-06   0.7821   1.6000
    14    1.644E-04   0.7358   1.6000     7.344E-06   0.8122   1.6000
    15    1.296E-04   0.7885   1.6000     6.209E-06   0.8455   1.6000
    16    1.054E-04   0.8127   1.6000     5.433E-06   0.8749   1.6000
    17    9.190E-05   0.8723   1.6000     4.894E-06   0.9008   1.6000
    18    8.192E-05   0.8914   1.6000     4.499E-06   0.9194   1.6000
    19    7.606E-05   0.9285   1.6000     4.201E-06   0.9337   1.6000
    20    7.110E-05   0.9348   1.6000     3.961E-06   0.9430   1.6000
    21    6.766E-05   0.9516   1.6000     3.763E-06   0.9500   1.6000
    22    6.445E-05   0.9527   1.6000     3.593E-06   0.9547   1.6000
    23    6.189E-05   0.9602   1.6000     3.444E-06   0.9584   1.6000
    24    5.944E-05   0.9605   1.6000     3.310E-06   0.9611   1.6000
    25    5.732E-05   0.9643   1.6000     3.188E-06   0.9633   1.6000
    26    1.285E-04   2.2411   1.8300     7.129E-06   2.2362   1.8278
    27    1.219E-04   0.9494   1.8300     6.784E-06   0.9516   1.8278
    28    1.156E-04   0.9483   1.8300     6.451E-06   0.9508   1.8278
    29    1.098E-04   0.9499   1.8300     6.131E-06   0.9505   1.8278
    30    1.043E-04   0.9499   1.8300     5.827E-06   0.9504   1.8278
    31    9.928E-05   0.9517   1.8300     5.539E-06   0.9506   1.8278
    32    9.451E-05   0.9520   1.8300     5.267E-06   0.9509   1.8278
    33    9.014E-05   0.9537   1.8300     5.011E-06   0.9514   1.8278
    34    8.600E-05   0.9542   1.8300     4.770E-06   0.9520   1.8278
    35    8.220E-05   0.9558   1.8300     4.544E-06   0.9526   1.8278
    36    7.860E-05   0.9563   1.8300     4.332E-06   0.9533   1.8278
    37    7.527E-05   0.9576   1.8300     4.133E-06   0.9540   1.8278
    38    7.212E-05   0.9582   1.8300     3.946E-06   0.9547   1.8278
    39    6.919E-05   0.9594   1.8300     3.770E-06   0.9555   1.8278
    40    6.641E-05   0.9599   1.8300     3.605E-06   0.9562   1.8278
    41    6.381E-05   0.9609   1.8300     3.449E-06   0.9569   1.8278
    42    6.135E-05   0.9614   1.8300     3.303E-06   0.9576   1.8278
    43    5.903E-05   0.9623   1.8300     3.166E-06   0.9583   1.8278
    44    5.683E-05   0.9627   1.8300     3.036E-06   0.9590   1.8278
    45    5.475E-05   0.9635   1.8300     2.913E-06   0.9596   1.8278
    46    5.278E-05   0.9639   1.8300     2.797E-06   0.9603   1.8278
    47    5.090E-05   0.9646   1.8300     2.688E-06   0.9609   1.8278
    48    4.912E-05   0.9650   1.8300     2.584E-06   0.9615   1.8278
    49    4.743E-05   0.9655   1.8300     2.486E-06   0.9620   1.8278
    50    4.581E-05   0.9659   1.8300     2.393E-06   0.9626   1.8278
    51    6.753E-05   1.4741   1.8985     3.482E-06   1.4549   1.8935
    52    6.477E-05   0.9591   1.8985     3.332E-06   0.9571   1.8935
    53    6.210E-05   0.9589   1.8985     3.188E-06   0.9565   1.8935
    54    5.954E-05   0.9588   1.8985     3.048E-06   0.9561   1.8935
    55    5.709E-05   0.9588   1.8985     2.913E-06   0.9558   1.8935
    56    5.474E-05   0.9589   1.8985     2.783E-06   0.9555   1.8935
    57    5.250E-05   0.9590   1.8985     2.659E-06   0.9553   1.8935
    58    5.035E-05   0.9591   1.8985     2.540E-06   0.9552   1.8935
    59    4.830E-05   0.9593   1.8985     2.426E-06   0.9551   1.8935
    60    4.634E-05   0.9594   1.8985     2.317E-06   0.9550   1.8935
    61    4.447E-05   0.9597   1.8985     2.212E-06   0.9550   1.8935
    62    4.268E-05   0.9599   1.8985     2.113E-06   0.9550   1.8935
    63    4.098E-05   0.9601   1.8985     2.018E-06   0.9550   1.8935
    64    3.935E-05   0.9603   1.8985     1.927E-06   0.9550   1.8935
    65    3.780E-05   0.9605   1.8985     1.840E-06   0.9551   1.8935
    66    3.631E-05   0.9608   1.8985     1.758E-06   0.9551   1.8935
    67    3.490E-05   0.9610   1.8985     1.679E-06   0.9553   1.8935
    68    3.355E-05   0.9613   1.8985     1.604E-06   0.9554   1.8935
    69    3.226E-05   0.9615   1.8985     1.533E-06   0.9556   1.8935
    70    3.102E-05   0.9618   1.8985     1.466E-06   0.9558   1.8935
    71    2.985E-05   0.9621   1.8985     1.401E-06   0.9561   1.8935
    72    2.872E-05   0.9623   1.8985     1.340E-06   0.9563   1.8935
    73    2.765E-05   0.9626   1.8985     1.282E-06   0.9565   1.8935
    74    2.662E-05   0.9629   1.8985     1.226E-06   0.9567   1.8935
    75    2.564E-05   0.9632   1.8985     1.173E-06   0.9570   1.8935
    76    2.968E-05   1.1575   1.9229     1.333E-06   1.1359   1.9156
    77    2.854E-05   0.9616   1.9229     1.272E-06   0.9541   1.9156
    78    2.745E-05   0.9618   1.9229     1.213E-06   0.9540   1.9156
    79    2.640E-05   0.9620   1.9229     1.157E-06   0.9539   1.9156
    80    2.541E-05   0.9622   1.9229     1.104E-06   0.9538   1.9156
    81    2.445E-05   0.9625   1.9229     1.053E-06   0.9538   1.9156
    82    2.354E-05   0.9628   1.9229     1.004E-06   0.9538   1.9156
    83    2.268E-05   0.9631   1.9229     9.579E-07   0.9538   1.9156
    84    2.185E-05   0.9634   1.9229     9.136E-07   0.9538   1.9156
    85    2.105E-05   0.9637   1.9229     8.715E-07   0.9538   1.9156
    86    2.030E-05   0.9641   1.9229     8.312E-07   0.9538   1.9156
    87    1.957E-05   0.9644   1.9229     7.929E-07   0.9539   1.9156
    88    1.888E-05   0.9647   1.9229     7.563E-07   0.9539   1.9156
    89    1.822E-05   0.9650   1.9229     7.214E-07   0.9539   1.9156
    90    1.759E-05   0.9653   1.9229     6.882E-07   0.9539   1.9156
    91    1.698E-05   0.9656   1.9229     6.565E-07   0.9539   1.9156
    92    1.640E-05   0.9658   1.9229     6.262E-07   0.9540   1.9156
    93    1.585E-05   0.9661   1.9229     5.974E-07   0.9540   1.9156
    94    1.531E-05   0.9664   1.9229     5.699E-07   0.9540   1.9156
    95    1.480E-05   0.9666   1.9229     5.438E-07   0.9541   1.9156
    96    1.431E-05   0.9668   1.9229     5.189E-07   0.9542   1.9156
    97    1.384E-05   0.9671   1.9229     4.951E-07   0.9543   1.9156
    98    1.339E-05   0.9673   1.9229     4.725E-07   0.9544   1.9156
    99    1.295E-05   0.9675   1.9229     4.510E-07   0.9545   1.9156
   100    1.253E-05   0.9677   1.9229     4.306E-07   0.9547   1.9156
   101    1.395E-05   1.1130   1.9383     4.482E-07   1.0409   1.9263
   102    1.349E-05   0.9675   1.9383     4.276E-07   0.9540   1.9263
   103    1.306E-05   0.9676   1.9383     4.080E-07   0.9542   1.9263
   104    1.264E-05   0.9678   1.9383     3.894E-07   0.9544   1.9263
   105    1.223E-05   0.9679   1.9383     3.718E-07   0.9548   1.9263
   106    1.184E-05   0.9680   1.9383     3.551E-07   0.9551   1.9263
   107    1.146E-05   0.9682   1.9383     3.393E-07   0.9555   1.9263
   108    1.110E-05   0.9683   1.9383     3.244E-07   0.9560   1.9263
   109    1.075E-05   0.9684   1.9383     3.103E-07   0.9565   1.9263
   110    1.041E-05   0.9685   1.9383     2.970E-07   0.9571   1.9263
   111    1.008E-05   0.9686   1.9383     2.845E-07   0.9578   1.9263
   112    9.766E-06   0.9687   1.9383     2.726E-07   0.9584   1.9263
Iteration converged.
Generation completed.

Problem description:
RF cavity
Problem file: C:\USERS\VITOR25023\DOCUMENTS\RFC_MAKER\OUTPUT.AF  1-12-2026  11:58:12
Problem file length:         352 bytes
Originating program: Autofish    Problem type: Unknown RF Cavity

Problem constants and variables.
Letter A in the code column indicates a value supplied in the
Automesh input file.

Variable Code         Value     Description
ALPHAT          3.930000000E-03 Temperature coefficient of resistance
ASCALE           3767.30313     Scaling factor for H at drive point
BETA       A     1.00000000     Particle velocity
BETA1           0.100000000     Starting BETA in transit-time table
BETA2           0.950000000     Ending BETA in transit-time table
CCLDELK          1.00000000     Increment for coupling for table in SFO
CCLMAXK          6.00000000     Highest coupling for table in SFO
CCLMINK          1.00000000     Lowest coupling for table in SFO
CLENGTH    A     30.0000000     Cavity length for normalization in SFO
CLIGHT          2.997924580E+10 Exact speed of light in cm/sec
CONV             1.00000000     Length conversion (number of units per cm)
DBETA           5.000000000E-02 BETA increment in transit-time table
DELFR                   0.0     Frequency step size for a resonance search
DIAGDLL                   0     If 1, DLL writes diagnostics to DiagDLL.txt
DPHI             180.000000     Phase length of the problem geometry
DSLOPE           1.00000000     Slope of D(k^2) function
DSTOLER         2.000000000E-02 Tolerance required on D(k^2)
DX1             0.200000000     First X mesh interval (at XMIN)
DXMIN           0.200000000     Minimum X mesh interval (found by Automesh)
DYMIN           0.172631579     Minimum Y mesh interval (found by Automesh)
ENORM            1000000.00     Field normalization for NORM=4 option
EPS0            8.854187818E-12 Permittivity of free space
EPSIK           1.000000000E-04 Frequency convergence parameter
EPSO            1.000000000E-05 Convergence parameter in mesh optimization
EZERO      A     2617993.88     E0 for normalization in SFO when NORM=0
EZEROT           1000000.00     E0*T for normalization in SFO when NORM=1
FMU0            1.256637061E-06 Permeability of free space
FREQ       A     1000.00000     RF cavity resonant frequency
FREQD                   0.0     Design frequency for a cavity (MHz)
HPHI             5000.00000     Normalization magnetic field for NORM=2
IBETA                     0     If >0, SFO writes transit-time vs BETA
ICCC                      1     1 for real arrays, 2 for complex arrays
ICCP                      1     If 1, compute material power loss
ICORNER1                  0     First corner segment for computing average H
ICORNER2                  0     Last corner segment for computing average H
ICYLIN                    1     0 for X,Y problems, 1 for Z,R problems
IMAX                     93     KMAX+2
INFODATA                  0     Number of tuning-code parameters
IOBSEG                   -1     First segment of the CCL outer boundary
IPIVOT                    1     Pivoting in matrix inversion routines
IRESID                    0     If 1, calculate potential residuals
IRMAX                    25     Used in optimization of RHOXY
IRTYPE                    0     Surface resistance option indicator
ISLOT                     0     If 1, SFO computes coupling-slot power loss
ITFILE                    0     If 1, SFO writes transit-time plot file
ITOT                  12648     (KMAX+2)*(LMAX+2)
KDRI                     76     K coordinate of the drive point
KMAX                     91     Number of horizontal logical mesh points
KMETHOD    A              1     Wavenumber computation method (1= use beta)
KPROB      A              1     Problem type indicator (Superfish)
LAST35                    0     Code for last program to update T35 file
LCYCLE                  112     Iteration number in mesh optimization
LDRI                     68     L coordinate of the drive point
LINT                      1     Logical-mesh coordinate for Ez integration
LMAX                    134     Number of vertical logical mesh points
MAXCY                    -1     Maximum number of cycles (-1: use default)
MAXPPR                  448     Maximum points per region
NAIR                  10197     Number of air points
NBND                     91     Number of Dirichlet boundary points
NBSLF      A              1     Left-side boundary condition
NBSLO      A              0     Lower boundary condition
NBSRT      A              1     Right-side boundary condition
NBSUP      A              1     Upper boundary condition
NDRI                   6401     Drive point index = IRLAX(NPINP)
NEGAT                     0     Zero-area triangle indicator
NFE                       0     Number of iron points
NHSTEM                    1     Number of half stems
NINTER                    0     Number of interface points
NMATR                     0     Number of material records in T35 file
NORM                      0     Normalization method in SFO
NPBOUND                 447     Total number of boundary points in the mesh
NPINP                 10289     Total points in problem
NPONTS                 9843     Number of unknown relaxation points
NREG                      2     Number of regions
NRMSEG                    1     Normalization segment number for NORM=2
NSEG                      6     Number of boundary segments
NSPL                      1     Number of special-potential points
NSTEP                     0     Number of steps for a resonance search
OMEGAM          1.000000000E-03 Used in optimization of RHOXY
PI               3.14159265     The number pi to machine precision
PLCELL           360.000000     Phase length per cell for multicell problems
RESIDR          1.000000000E-08 Residual resistance of a superconductor
RFMU             1.00000000     Permeability for rf surface resistance
RHO             1.724100000E-06 Material resistivity (Ohm-m)
RHOR            1.724100000E-06 Reference resistivity (Ohm-cm) at TEMPR
RHOXY            1.60000000     Over-relaxation factor in mesh optimization
RMASS      A    0.551000000     Rest mass energy of particle in SFO
RS                      0.0     RF surface resistance (Ohms)
RSTEM            1.00000000     Stem radius in cm
SLOSS           3.000000000E-02 Coupling-slot power factor per % coupling
TC               9.20000000     Critical temperature of a superconductor
TEMPC            20.0000000     Normal conductor operating temperature
TEMPK            2.00000000     Operating temperature of a superconductor
TEMPR            20.0000000     Reference temperature for IRTYPE=3
TRIAVG          1.725782414E-02 Average area of all triangles
TRIMAX          2.275846169E-02 Area of the largest positive-area triangle
TRIMIN          6.698240645E-03 Area of the smallest positive-area triangle
VOLUME           24851.3299     Cavity volume (cylindrical symmetry only)
XDRI       A     15.0000000     X coordinate of the drive point
XMAXG            18.0000000     Upper X bound of the problem geometry
XMING                   0.0     Lower X bound of the problem geometry
XNORM1                  0.0     Starting X for NORM=4 integration path
XNORM2                  0.0     Ending X for NORM=4 integration path
XYAREA           347.400000     Total cross sectional area
YDRI       A     11.4800000     Y coordinate of the drive point
YMAXG            22.9600000     Upper Y bound of the problem geometry
YMING                   0.0     Lower Y bound of the problem geometry
YNORM1                  0.0     Starting Y for NORM=4 integration path
YNORM2                  0.0     Ending Y for NORM=4 integration path
ZCTR                    0.0     Reference Z in transit-time integrals
