Center
Title
CFish frequency scan from run on file C:\USERS\VITOR25023\DOCUMENTS\FAZENDO ISSO DIREITO AGORA COM A FERRITE\FRQSCANS\PE
SubTitle
Problem title line 1:     220.5738712710689 PE

RightFooter
Drive K,L = 139, 411  Bounds (UpLoRtLf) = 1011


Markersize -0.4
SortByColumn 1
LabelByColumn 1
LabelSignificantDigits 5
Abscissa 6
Ordinate 7

Titles
Frequency
k^2
Re[D(k^2)]
Im[D(k^2)]
Abs[D(k^2)]
Re(dH1)
Im(dH1)
Im(dH1)/Abs(dH1)
EndTitles

AxisLabels
Frequency (MHz)
k^2
Re[D(k^2)]
Im[D(k^2)]
Abs[D(k^2)]
Re(dH1)
Im(dH1)
Im(dH1)/Abs(dH1)
EndLabels

CurveLabels
freq
k^2
Re[D(k^2)]
Im[D(k^2)]
Abs[D(k^2)]
Re(dH1)
Im(dH1)
Im(dH1)/Abs(dH1)
EndLabels

;Frequency        k^2            Re[D(k^2)]     Im[D(k^2)]     Abs[D(k^2)]    Re(dH1)        Im(dH1)     Im(dH1)/Abs(dH1)
Data
  2.0000000E+02  1.7570265E-03  7.1042997E-04 -1.4707057E-04  7.2549328E-04  5.6999213E-02 -1.1799765E-02 -2.0271803E-01
  2.0500000E+02  1.8459760E-03  5.7015789E-04 -1.5216996E-04  5.9011500E-04  5.0102674E-02 -1.3371948E-02 -2.5786493E-01
  2.1000000E+02  1.9371218E-03  4.3720564E-04 -1.5710102E-04  4.6457454E-04  4.2367354E-02 -1.5223854E-02 -3.3816107E-01
  2.1500000E+02  2.0304638E-03  3.1236103E-04 -1.6184050E-04  3.5179790E-04  3.3636124E-02 -1.7427549E-02 -4.6003828E-01
  2.2000000E+02  2.1260021E-03  1.9643623E-04 -1.6636561E-04  2.5741932E-04  2.3710020E-02 -2.0080471E-02 -6.4628252E-01
  2.2500000E+02  2.2237367E-03  9.0268727E-05 -1.7065424E-04  1.9305779E-04  1.2333674E-02 -2.3316977E-02 -8.8395415E-01
  2.3000000E+02  2.3236676E-03 -5.2777734E-06 -1.7468516E-04  1.7476487E-04 -8.2561728E-04 -2.7326502E-02 -9.9954390E-01
  2.3500000E+02  2.4257948E-03 -8.9312737E-05 -1.7843820E-04  1.9954186E-04 -1.6208503E-02 -3.2383019E-02 -8.9423941E-01
  2.4000000E+02  2.5301182E-03 -1.6091840E-04 -1.8189441E-04  2.4285862E-04 -3.4409200E-02 -3.8894501E-02 -7.4897242E-01
  2.4500000E+02  2.6366380E-03 -2.1914980E-04 -1.8503622E-04  2.8681883E-04 -5.6244665E-02 -4.7489436E-02 -6.4513277E-01
  2.5000000E+02  2.7453540E-03 -2.6303522E-04 -1.8784761E-04  3.2322477E-04 -8.2860670E-02 -5.9175266E-02 -5.8116713E-01
  2.5500000E+02  2.8562663E-03 -2.9157734E-04 -1.9031416E-04  3.4819079E-04 -1.1589388E-01 -7.5644583E-02 -5.4658012E-01
  2.6000000E+02  2.9693749E-03 -3.0375508E-04 -1.9242319E-04  3.5957452E-04 -1.5770719E-01 -9.9904572E-02 -5.3514135E-01
  2.6500000E+02  3.0846797E-03 -2.9852637E-04 -1.9416379E-04  3.5611454E-04 -2.1165920E-01 -1.3766473E-01 -5.4522847E-01
  2.7000000E+02  3.2021809E-03 -2.7483198E-04 -1.9552684E-04  3.3728825E-04 -2.8200407E-01 -2.0062936E-01 -5.7970250E-01
  2.7500000E+02  3.3218783E-03 -2.3160071E-04 -1.9650506E-04  3.0373200E-04 -3.7094683E-01 -3.1473536E-01 -6.4696859E-01
  2.8000000E+02  3.4437720E-03 -1.6775593E-04 -1.9709294E-04  2.5881978E-04 -4.5870858E-01 -5.3892713E-01 -7.6150647E-01
  2.8500000E+02  3.5678620E-03 -8.2224060E-05 -1.9728670E-04  2.1373544E-04 -4.0161549E-01 -9.6362784E-01 -9.2304159E-01
  2.9000000E+02  3.6941483E-03  2.6055095E-05 -1.9708422E-04  1.9879904E-04  1.7655737E-01 -1.3355035E+00 -9.9137411E-01
  2.9500000E+02  3.8226309E-03  1.5811554E-04 -1.9648496E-04  2.5220401E-04  7.8883689E-01 -9.8026159E-01 -7.7907152E-01
  3.0000000E+02  3.9533097E-03  3.1494960E-04 -1.9548984E-04  3.7068791E-04  8.5227807E-01 -5.2901068E-01 -5.2737042E-01
  3.0500000E+02  4.0861849E-03  4.9748933E-04 -1.9410109E-04  5.3401392E-04  7.5264420E-01 -2.9365265E-01 -3.6347571E-01
  3.1000000E+02  4.2212563E-03  7.0658430E-04 -1.9232217E-04  7.3229037E-04  6.5378619E-01 -1.7795128E-01 -2.6263102E-01
  3.1500000E+02  4.3585240E-03  9.4297525E-04 -1.9015760E-04  9.6195750E-04  5.7690174E-01 -1.1633630E-01 -1.9767775E-01
  3.2000000E+02  4.4979879E-03  1.2072631E-03 -1.8761283E-04  1.2217540E-03  5.1865196E-01 -8.0600296E-02 -1.5356024E-01
  3.2500000E+02  4.6396482E-03  1.4998726E-03 -1.8469415E-04  1.5112015E-03  4.7389561E-01 -5.8355454E-02 -1.2221676E-01
  3.3000000E+02  4.7835048E-03  1.8210101E-03 -1.8140853E-04  1.8300237E-03  4.3874245E-01 -4.3707403E-02 -9.9129057E-02
  3.3500000E+02  4.9295576E-03  2.1706143E-03 -1.7776354E-04  2.1778811E-03  4.1051845E-01 -3.3619614E-02 -8.1622243E-02
  3.4000000E+02  5.0778067E-03  2.5483002E-03 -1.7376734E-04  2.5542179E-03  3.8740042E-01 -2.6416644E-02 -6.8031525E-02
  3.4500000E+02  5.2282521E-03  2.9532949E-03 -1.6942856E-04  2.9581509E-03  3.6812654E-01 -2.1119174E-02 -5.7275157E-02
  3.5000000E+02  5.3808938E-03  3.3843646E-03 -1.6475636E-04  3.3883725E-03  3.5180479E-01 -1.7126428E-02 -4.8624040E-02
  3.5500000E+02  5.5357318E-03  3.8397340E-03 -1.5976049E-04  3.8430561E-03  3.3779042E-01 -1.4054506E-02 -4.1571208E-02
  3.6000000E+02  5.6927660E-03  4.3169966E-03 -1.5445136E-04  4.3197586E-03  3.2560737E-01 -1.1649418E-02 -3.5754627E-02
  3.6500000E+02  5.8519965E-03  4.8130183E-03 -1.4884025E-04  4.8153192E-03  3.1489701E-01 -9.7380368E-03 -3.0909737E-02
  3.7000000E+02  6.0134233E-03  5.3238358E-03 -1.4293955E-04  5.3257544E-03  3.0538419E-01 -8.1992532E-03 -2.6839305E-02
  3.7500000E+02  6.1770464E-03  5.8445526E-03 -1.3676308E-04  5.8461525E-03  2.9685404E-01 -6.9464123E-03 -2.3393690E-02
  3.8000000E+02  6.3428658E-03  6.3692380E-03 -1.3032650E-04  6.3705712E-03  2.8913602E-01 -5.9162627E-03 -2.0457585E-02
  3.8500000E+02  6.5108815E-03  6.8908373E-03 -1.2364783E-04  6.8919466E-03  2.8209256E-01 -5.0618135E-03 -1.7940916E-02
  3.9000000E+02  6.6810934E-03  7.4011019E-03 -1.1674803E-04  7.4020226E-03  2.7561092E-01 -4.3476000E-03 -1.5772449E-02
  3.9500000E+02  6.8535017E-03  7.8905530E-03 -1.0965162E-04  7.8913149E-03  2.6959715E-01 -3.7464757E-03 -1.3895229E-02
  4.0000000E+02  7.0281062E-03  8.3484975E-03 -1.0238748E-04  8.3491253E-03  2.6397157E-01 -3.2373950E-03 -1.2263258E-02
  4.0500000E+02  7.2049070E-03  8.7631134E-03 -9.4989474E-05  8.7636283E-03  2.5866530E-01 -2.8038529E-03 -1.0839058E-02
  4.1000000E+02  7.3839040E-03  9.1216306E-03 -8.7497199E-05  9.1220502E-03  2.5361747E-01 -2.4327688E-03 -9.5918349E-03
  4.1500000E+02  7.5650974E-03  9.4106278E-03 -7.9956516E-05  9.4109675E-03  2.4877292E-01 -2.1136758E-03 -8.4960995E-03
  4.2000000E+02  7.7484871E-03  9.6164696E-03 -7.2419885E-05  9.6167423E-03  2.4408026E-01 -1.8381241E-03 -7.5306047E-03
  4.2500000E+02  7.9340730E-03  9.7258959E-03 -6.4946361E-05  9.7261127E-03  2.3948999E-01 -1.5992360E-03 -6.6775251E-03
  4.3000000E+02  8.1218552E-03  9.7267665E-03 -5.7601105E-05  9.7269371E-03  2.3495273E-01 -1.3913706E-03 -5.9218132E-03
  4.3500000E+02  8.3118337E-03  9.6089443E-03 -5.0454304E-05  9.6090768E-03  2.3041725E-01 -1.2098667E-03 -5.2506922E-03
  4.4000000E+02  8.5040085E-03  9.3652716E-03 -4.3579408E-05  9.3653730E-03  2.2582825E-01 -1.0508464E-03 -4.6532485E-03
  4.4500000E+02  8.6983795E-03  8.9925700E-03 -3.7050639E-05  8.9926464E-03  2.2112352E-01 -9.1105964E-04 -4.1201040E-03
  4.5000000E+02  8.8949469E-03  8.4925626E-03 -3.0939846E-05  8.4926190E-03  2.1623026E-01 -7.8776353E-04 -3.6431455E-03
  4.5500000E+02  9.0937105E-03  7.8725980E-03 -2.5312885E-05  7.8726387E-03  2.1105996E-01 -6.7862431E-04 -3.2152987E-03
  4.6000000E+02  9.2946704E-03  7.1460535E-03 -2.0225794E-05  7.1460821E-03  2.0550089E-01 -5.8163833E-04 -2.8303332E-03
  4.6500000E+02  9.4978266E-03  6.3323112E-03 -1.5721184E-05  6.3323307E-03  1.9940688E-01 -4.9506603E-04 -2.4826852E-03
  4.7000000E+02  9.7031791E-03  5.4562456E-03 -1.1825259E-05  5.4562584E-03  1.9257949E-01 -4.1737533E-04 -2.1672835E-03
  4.7500000E+02  9.9107278E-03  4.5472237E-03 -8.5458820E-06  4.5472317E-03  1.8473878E-01 -3.4719115E-04 -1.8793593E-03
  4.8000000E+02  1.0120473E-02  3.6376913E-03 -5.8719768E-06  3.6376961E-03  1.7547275E-01 -2.8324886E-04 -1.6142021E-03
  4.8500000E+02  1.0332414E-02  2.7614843E-03 -3.7743893E-06  2.7614869E-03  1.6414454E-01 -2.2435231E-04 -1.3667960E-03
  4.9000000E+02  1.0546552E-02  1.9520462E-03 -2.2081156E-06  1.9520474E-03  1.4970968E-01 -1.6934860E-04 -1.1311793E-03
  4.9500000E+02  1.0762886E-02  1.2407437E-03 -1.1156167E-06  1.2407442E-03  1.3032149E-01 -1.1717878E-04 -8.9915127E-04
  5.0000000E+02  1.0981416E-02  6.5544676E-04 -4.3080573E-07  6.5544690E-04  1.0236937E-01 -6.7284351E-05 -6.5727022E-04
  5.0500000E+02  1.1202142E-02  2.1948857E-04 -8.3241806E-08  2.1948858E-04  5.7699548E-02 -2.1882755E-05 -3.7925346E-04
  5.1000000E+02  1.1425065E-02 -4.8943010E-05 -2.0990018E-09  4.8943010E-05 -2.6833636E-02 -1.1508048E-06 -4.2886652E-05
  5.1500000E+02  1.1650184E-02 -1.3699274E-04 -1.1957415E-07  1.3699280E-04 -2.5320435E-01 -2.2100949E-04 -8.7284993E-04
  5.2000000E+02  1.1877499E-02 -3.6963580E-05 -3.7352886E-07  3.6965467E-05 -3.0636335E+00 -3.0959003E-02 -1.0104806E-02
  5.2500000E+02  1.2107011E-02  2.5413164E-04 -7.0929229E-07  2.5413263E-04  9.3045972E-01 -2.5969529E-03 -2.7910319E-03
  5.3000000E+02  1.2338719E-02  7.3519481E-04 -1.0806610E-06  7.3519560E-04  5.4803082E-01 -8.0554914E-04 -1.4698959E-03
  5.3500000E+02  1.2572623E-02  1.4017524E-03 -1.4502076E-06  1.4017531E-03  4.3556026E-01 -4.5061653E-04 -1.0345670E-03
  5.4000000E+02  1.2808723E-02  2.2466757E-03 -1.7890480E-06  2.2466764E-03  3.8138191E-01 -3.0369784E-04 -7.9630873E-04
  5.4500000E+02  1.3047020E-02  3.2608574E-03 -2.0762276E-06  3.2608581E-03  3.4927523E-01 -2.2238778E-04 -6.3671202E-04
  5.5000000E+02  1.3287513E-02  4.4338100E-03 -2.2978707E-06  4.4338106E-03  3.2788759E-01 -1.6993134E-04 -5.1826090E-04
  5.5500000E+02  1.3530203E-02  5.7541696E-03 -2.4462172E-06  5.7541701E-03  3.1251814E-01 -1.3285796E-04 -4.2512077E-04
  5.6000000E+02  1.3775088E-02  7.2101017E-03 -2.5186369E-06  7.2101021E-03  3.0086795E-01 -1.0509937E-04 -3.4932056E-04
  5.6500000E+02  1.4022170E-02  8.7896143E-03 -2.5166866E-06  8.7896147E-03  2.9167932E-01 -8.3515091E-05 -2.8632503E-04
  5.7000000E+02  1.4271448E-02  1.0480788E-02 -2.4452502E-06  1.0480788E-02  2.8420597E-01 -6.6307485E-05 -2.3330785E-04
  5.7500000E+02  1.4522923E-02  1.2271938E-02 -2.3117823E-06  1.2271938E-02  2.7797690E-01 -5.2365168E-05 -1.8837956E-04
  5.8000000E+02  1.4776593E-02  1.4151718E-02 -2.1256636E-06  1.4151718E-02  2.7268002E-01 -4.0957997E-05 -1.5020534E-04
  5.8500000E+02  1.5032460E-02  1.6109182E-02 -1.8976639E-06  1.6109182E-02  2.6810024E-01 -3.1582246E-05 -1.1780014E-04
  5.9000000E+02  1.5290523E-02  1.8133815E-02 -1.6395069E-06  1.8133815E-02  2.6408439E-01 -2.3876288E-05 -9.0411582E-05
  5.9500000E+02  1.5550783E-02  2.0215535E-02 -1.3635251E-06  2.0215535E-02  2.6052037E-01 -1.7571935E-05 -6.7449370E-05
  6.0000000E+02  1.5813239E-02  2.2344685E-02 -1.0823923E-06  2.2344685E-02  2.5732420E-01 -1.2464966E-05 -4.8440705E-05
  6.0500000E+02  1.6077891E-02  2.4512008E-02 -8.0892310E-07  2.4512008E-02  2.5443165E-01 -8.3965230E-06 -3.3001094E-05
  6.1000000E+02  1.6344739E-02  2.6708626E-02 -5.5592817E-07  2.6708626E-02  2.5179275E-01 -5.2409542E-06 -2.0814556E-05
  6.1500000E+02  1.6613784E-02  2.8925999E-02 -3.3611548E-07  2.8925999E-02  2.4936796E-01 -2.8976158E-06 -1.1619840E-05
  6.2000000E+02  1.6885025E-02  3.1155906E-02 -1.6203019E-07  3.1155906E-02  2.4712560E-01 -1.2852076E-06 -5.2006252E-06
  6.2500000E+02  1.7158462E-02  3.3390401E-02 -4.6026416E-08  3.3390401E-02  2.4503992E-01 -3.3777100E-07 -1.3784326E-06
  6.3000000E+02  1.7434096E-02  3.5621794E-02 -2.6611526E-10  3.5621794E-02  2.4308978E-01 -1.8160203E-09 -7.4705743E-09
  6.3500000E+02  1.7711926E-02  3.7842613E-02 -3.6741395E-08  3.7842613E-02  2.4125765E-01 -2.3423707E-07 -9.7090007E-07
  6.4000000E+02  1.7991952E-02  4.0045580E-02 -1.6731817E-07  4.0045580E-02  2.3952881E-01 -1.0007976E-06 -4.1781931E-06
  6.4500000E+02  1.8274174E-02  4.2223586E-02 -4.0380010E-07  4.2223586E-02  2.3789083E-01 -2.2750398E-06 -9.5633776E-06
  6.5000000E+02  1.8558593E-02  4.4369655E-02 -7.5801315E-07  4.4369656E-02  2.3633310E-01 -4.0375250E-06 -1.7084044E-05
  6.5500000E+02  1.8845208E-02  4.6476922E-02 -1.2419123E-06  4.6476922E-02  2.3484651E-01 -6.2753459E-06 -2.6721052E-05
  6.6000000E+02  1.9134019E-02  4.8538590E-02 -1.8677132E-06  4.8538590E-02  2.3342317E-01 -8.9818748E-06 -3.8478935E-05
  6.6500000E+02  1.9425027E-02  5.0547902E-02 -2.6480545E-06  5.0547902E-02  2.3205619E-01 -1.2156735E-05 -5.2387031E-05
  6.7000000E+02  1.9718230E-02  5.2498080E-02 -3.5961952E-06  5.2498080E-02  2.3073952E-01 -1.5805994E-05 -6.8501462E-05
  6.7500000E+02  2.0013630E-02  5.4382274E-02 -4.7262596E-06  5.4382275E-02  2.2946780E-01 -1.9942608E-05 -8.6908090E-05
  6.8000000E+02  2.0311227E-02  5.6193481E-02 -6.0535396E-06  5.6193481E-02  2.2823625E-01 -2.4587143E-05 -1.0772672E-04
  6.8500000E+02  2.0611019E-02  5.7924438E-02 -7.5948735E-06  5.7924438E-02  2.2704057E-01 -2.9768859E-05 -1.3111691E-04
  6.9000000E+02  2.0913008E-02  5.9567491E-02 -9.3691246E-06  5.9567492E-02  2.2587687E-01 -3.5527240E-05 -1.5728587E-04
  6.9500000E+02  2.1217194E-02  6.1114410E-02 -1.1397792E-05  6.1114411E-02  2.2474157E-01 -4.1914135E-05 -1.8649925E-04
  7.0000000E+02  2.1523575E-02  6.2556134E-02 -1.3705797E-05  6.2556136E-02  2.2363138E-01 -4.8996734E-05 -2.1909596E-04
  7.0500000E+02  2.1832153E-02  6.3882431E-02 -1.6322513E-05  6.3882433E-02  2.2254319E-01 -5.6861708E-05 -2.5550864E-04
  7.1000000E+02  2.2142927E-02  6.5081407E-02 -1.9283123E-05  6.5081410E-02  2.2147403E-01 -6.5621061E-05 -2.9629233E-04
  7.1500000E+02  2.2455897E-02  6.6138823E-02 -2.2630422E-05  6.6138827E-02  2.2042105E-01 -7.5420474E-05 -3.4216545E-04
  7.2000000E+02  2.2771064E-02  6.7037105E-02 -2.6417264E-05  6.7037110E-02  2.1938138E-01 -8.6451465E-05 -3.9406926E-04
  7.2500000E+02  2.3088427E-02  6.7753898E-02 -3.0709884E-05  6.7753905E-02  2.1835210E-01 -9.8969476E-05 -4.5325630E-04
  7.3000000E+02  2.3407986E-02  6.8259913E-02 -3.5592467E-05  6.8259922E-02  2.1733010E-01 -1.1332148E-04 -5.2142554E-04
  7.3500000E+02  2.3729742E-02  6.8515652E-02 -4.1173457E-05  6.8515664E-02  2.1631194E-01 -1.2998943E-04 -6.0093494E-04
  7.4000000E+02  2.4053693E-02  6.8466347E-02 -4.7594275E-05  6.8466363E-02  2.1529365E-01 -1.4966105E-04 -6.9514829E-04
  7.4500000E+02  2.4379841E-02  6.8033965E-02 -5.5041179E-05  6.8033987E-02  2.1427032E-01 -1.7335005E-04 -8.0902475E-04
  7.5000000E+02  2.4708186E-02  6.7104367E-02 -6.3760718E-05  6.7104397E-02  2.1323558E-01 -2.0261056E-04 -9.5017198E-04
  7.5500000E+02  2.5038726E-02  6.5506455E-02 -7.4077528E-05  6.5506497E-02  2.1218057E-01 -2.3994295E-04 -1.1308425E-03
  7.6000000E+02  2.5371463E-02  6.2978455E-02 -8.6406843E-05  6.2978514E-02  2.1109203E-01 -2.8961962E-04 -1.3720051E-03
  7.6500000E+02  2.5706396E-02  5.9115814E-02 -1.0123317E-04  5.9115901E-02  2.0994853E-01 -3.5952741E-04 -1.7124525E-03
  7.7000000E+02  2.6043526E-02  5.3303482E-02 -1.1896174E-04  5.3303615E-02  2.0871192E-01 -4.6579946E-04 -2.2317762E-03
  7.7500000E+02  2.6382852E-02  4.4687107E-02 -1.3936537E-04  4.4687324E-02  2.0730588E-01 -6.4652341E-04 -3.1186779E-03
  7.8000000E+02  2.6724374E-02  3.2449290E-02 -1.5994797E-04  3.2449684E-02  2.0555135E-01 -1.0131969E-03 -4.9291072E-03
  7.8500000E+02  2.7068092E-02  1.7202720E-02 -1.7248606E-04  1.7203585E-02  2.0292275E-01 -2.0346401E-03 -1.0026169E-02
  7.9000000E+02  2.7414007E-02  4.1165036E-03 -1.6147661E-04  4.1196695E-03  1.9786978E-01 -7.7617669E-03 -3.9196496E-02
  7.9500000E+02  2.7762118E-02  2.4164489E-03 -1.1913023E-04  2.4193837E-03  2.1878084E-01 -1.0785832E-02 -4.9239907E-02
  8.0000000E+02  2.8112425E-02  1.3819224E-02 -6.5969105E-05  1.3819382E-02  2.1141734E-01 -1.0092471E-03 -4.7736654E-03
  8.0500000E+02  2.8464928E-02  2.9574844E-02 -2.7332799E-05  2.9574857E-02  2.0798418E-01 -1.9221707E-04 -9.2419042E-04
  8.1000000E+02  2.8819628E-02  4.2846228E-02 -7.6388916E-06  4.2846228E-02  2.0596337E-01 -3.6720429E-05 -1.7828621E-04
  8.1500000E+02  2.9176524E-02  5.2215177E-02 -6.5039539E-07  5.2215177E-02  2.0442861E-01 -2.5463750E-06 -1.2456060E-05
  8.2000000E+02  2.9535616E-02  5.8430042E-02 -5.4355085E-07  5.8430042E-02  2.0310990E-01 -1.8894486E-06 -9.3025920E-06
  8.2500000E+02  2.9896905E-02  6.2454620E-02 -3.9064912E-06  6.2454620E-02  2.0190219E-01 -1.2628835E-05 -6.2549275E-05
  8.3000000E+02  3.0260390E-02  6.5004691E-02 -8.9803075E-06  6.5004691E-02  2.0075605E-01 -2.7734168E-05 -1.3814861E-04
  8.3500000E+02  3.0626071E-02  6.6550801E-02 -1.4888497E-05  6.6550802E-02  1.9964493E-01 -4.4663818E-05 -2.2371626E-04
  8.4000000E+02  3.0993948E-02  6.7394441E-02 -2.1196866E-05  6.7394444E-02  1.9855304E-01 -6.2448802E-05 -3.1451948E-04
  8.4500000E+02  3.1364022E-02  6.7730226E-02 -2.7691353E-05  6.7730231E-02  1.9747015E-01 -8.0735235E-05 -4.0884776E-04
  8.5000000E+02  3.1736292E-02  6.7686325E-02 -3.4268564E-05  6.7686334E-02  1.9638916E-01 -9.9428865E-05 -5.0628483E-04
  8.5500000E+02  3.2110758E-02  6.7349274E-02 -4.0881422E-05  6.7349286E-02  1.9530478E-01 -1.1855120E-04 -6.0700602E-04
  8.6000000E+02  3.2487421E-02  6.6779055E-02 -4.7511692E-05  6.6779072E-02  1.9421284E-01 -1.3817776E-04 -7.1147577E-04
  8.6500000E+02  3.2866280E-02  6.6018368E-02 -5.4155812E-05  6.6018390E-02  1.9310986E-01 -1.5841078E-04 -8.2031404E-04
  8.7000000E+02  3.3247335E-02  6.5098418E-02 -6.0817479E-05  6.5098447E-02  1.9199281E-01 -1.7936717E-04 -9.3423855E-04
  8.7500000E+02  3.3630586E-02  6.4042609E-02 -6.7503705E-05  6.4042644E-02  1.9085892E-01 -2.0117363E-04 -1.0540431E-03
  8.8000000E+02  3.4016034E-02  6.2868943E-02 -7.4222732E-05  6.2868987E-02  1.8970554E-01 -2.2396533E-04 -1.1805937E-03
  8.8500000E+02  3.4403678E-02  6.1591619E-02 -8.0982913E-05  6.1591672E-02  1.8853011E-01 -2.4788628E-04 -1.3148354E-03
  8.9000000E+02  3.4793518E-02  6.0222107E-02 -8.7792133E-05  6.0222171E-02  1.8733005E-01 -2.7309083E-04 -1.4578042E-03
  8.9500000E+02  3.5185555E-02  5.8769895E-02 -9.4657517E-05  5.8769971E-02  1.8610274E-01 -2.9974570E-04 -1.6106443E-03
  9.0000000E+02  3.5579787E-02  5.7243007E-02 -1.0158528E-04  5.7243097E-02  1.8484543E-01 -3.2803263E-04 -1.7746293E-03
  9.0500000E+02  3.5976217E-02  5.5648377E-02 -1.0858064E-04  5.5648483E-02  1.8355524E-01 -3.5815142E-04 -1.9511878E-03
  9.1000000E+02  3.6374842E-02  5.3992114E-02 -1.1564781E-04  5.3992238E-02  1.8222908E-01 -3.9032357E-04 -2.1419340E-03
  9.1500000E+02  3.6775664E-02  5.2279704E-02 -1.2278992E-04  5.2279849E-02  1.8086366E-01 -4.2479649E-04 -2.3487047E-03
  9.2000000E+02  3.7178682E-02  5.0516155E-02 -1.3000899E-04  5.0516323E-02  1.7945536E-01 -4.6184850E-04 -2.5736036E-03
  9.2500000E+02  3.7583896E-02  4.8706112E-02 -1.3730584E-04  4.8706306E-02  1.7800025E-01 -5.0179482E-04 -2.8190568E-03
  9.3000000E+02  3.7991306E-02  4.6853944E-02 -1.4468002E-04  4.6854168E-02  1.7649399E-01 -5.4499474E-04 -3.0878793E-03
  9.3500000E+02  3.8400913E-02  4.4963819E-02 -1.5212962E-04  4.4964076E-02  1.7493176E-01 -5.9186036E-04 -3.3833592E-03
  9.4000000E+02  3.8812716E-02  4.3039757E-02 -1.5965115E-04  4.3040053E-02  1.7330818E-01 -6.4286727E-04 -3.7093623E-03
  9.4500000E+02  3.9226716E-02  4.1085688E-02 -1.6723926E-04  4.1086028E-02  1.7161722E-01 -6.9856779E-04 -4.0704656E-03
  9.5000000E+02  3.9642911E-02  3.9105493E-02 -1.7488647E-04  3.9105884E-02  1.6985205E-01 -7.5960747E-04 -4.4721267E-03
  9.5500000E+02  4.0061303E-02  3.7103050E-02 -1.8258276E-04  3.7103499E-02  1.6800488E-01 -8.2674594E-04 -4.9209042E-03
  9.6000000E+02  4.0481892E-02  3.5082277E-02 -1.9031518E-04  3.5082793E-02  1.6606683E-01 -9.0088335E-04 -5.4247443E-03
  9.6500000E+02  4.0904676E-02  3.3047179E-02 -1.9806723E-04  3.3047772E-02  1.6402761E-01 -9.8309436E-04 -5.9933610E-03
  9.7000000E+02  4.1329657E-02  3.1001893E-02 -2.0581818E-04  3.1002576E-02  1.6187530E-01 -1.0746724E-03 -6.6387446E-03
  9.7500000E+02  4.1756834E-02  2.8950747E-02 -2.1354226E-04  2.8951535E-02  1.5959589E-01 -1.1771878E-03 -7.3758530E-03
  9.8000000E+02  4.2186207E-02  2.6898321E-02 -2.2120760E-04  2.6899231E-02  1.5717286E-01 -1.2925651E-03 -8.2235661E-03
  9.8500000E+02  4.2617777E-02  2.4849518E-02 -2.2877499E-04  2.4850571E-02  1.5458648E-01 -1.4231874E-03 -9.2060256E-03
  9.9000000E+02  4.3051543E-02  2.2809651E-02 -2.3619639E-04  2.2810874E-02  1.5181301E-01 -1.5720400E-03 -1.0354552E-02
  9.9500000E+02  4.3487505E-02  2.0784543E-02 -2.4341306E-04  2.0785968E-02  1.4882347E-01 -1.7429094E-03 -1.1710451E-02
  1.0000000E+03  4.3925664E-02  1.8780646E-02 -2.5035340E-04  1.8782315E-02  1.4558215E-01 -1.9406673E-03 -1.3329209E-02
  1.0050000E+03  4.4366018E-02  1.6805184E-02 -2.5693033E-04  1.6807148E-02  1.4204435E-01 -2.1716812E-03 -1.5286968E-02
  1.0100000E+03  4.4808569E-02  1.4866317E-02 -2.6303811E-04  1.4868644E-02  1.3815332E-01 -2.4444244E-03 -1.7690793E-02
  1.0150000E+03  4.5253317E-02  1.2973342E-02 -2.6854877E-04  1.2976121E-02  1.3383568E-01 -2.7704048E-03 -2.0695613E-02
  1.0200000E+03  4.5700260E-02  1.1136910E-02 -2.7330787E-04  1.1140263E-02  1.2899466E-01 -3.1656228E-03 -2.4533341E-02
  1.0250000E+03  4.6149400E-02  9.3692906E-03 -2.7712985E-04  9.3733882E-03  1.2349973E-01 -3.6529405E-03 -2.9565600E-02
  1.0300000E+03  4.6600736E-02  7.6846410E-03 -2.7979302E-04  7.6897329E-03  1.1716998E-01 -4.2660864E-03 -3.6385272E-02
  1.0350000E+03  4.7054269E-02  6.0992938E-03 -2.8103467E-04  6.1057649E-03  1.0974676E-01 -5.0567565E-03 -4.6027758E-02
  1.0400000E+03  4.7509998E-02  4.6320147E-03 -2.8054690E-04  4.6405029E-03  1.0084597E-01 -6.1079303E-03 -6.0456141E-02
  1.0450000E+03  4.7967923E-02  3.3041823E-03 -2.7797452E-04  3.3158544E-03  8.9870394E-02 -7.5606240E-03 -8.3831944E-02
  1.0500000E+03  4.8428044E-02  2.1397922E-03 -2.7291708E-04  2.1571264E-03  7.5836318E-02 -9.6724470E-03 -1.2651882E-01
  1.0550000E+03  4.8890362E-02  1.1651401E-03 -2.6493815E-04  1.1948823E-03  5.6998436E-02 -1.2960724E-02 -2.2172740E-01
  1.0600000E+03  4.9354876E-02  4.0796267E-04 -2.5358669E-04  4.8035377E-04  2.9936074E-02 -1.8608050E-02 -5.2791651E-01
  1.0650000E+03  4.9821586E-02 -1.0426614E-04 -2.3843690E-04  2.6023755E-04 -1.3066494E-02 -2.9880595E-02 -9.1622788E-01
  1.0700000E+03  5.0290492E-02 -3.4725271E-04 -2.1915426E-04  4.1062518E-04 -9.3518347E-02 -5.9020257E-02 -5.3370878E-01
  1.0750000E+03  5.0761595E-02 -3.0438437E-04 -1.9559534E-04  3.6181125E-04 -2.9372254E-01 -1.8874412E-01 -5.4060049E-01
  1.0800000E+03  5.1234894E-02  2.6998659E-05 -1.6794479E-04  1.7010109E-04  2.3005155E-01 -1.4310326E+00 -9.8732343E-01
  1.0850000E+03  5.1710389E-02  6.2787013E-04 -1.3688203E-04  6.4261777E-04  6.0367566E-01 -1.3160739E-01 -2.1300692E-01
  1.0900000E+03  5.2188081E-02  1.4495796E-03 -1.0374965E-04  1.4532877E-03  3.8688120E-01 -2.7689951E-02 -7.1389616E-02
  1.0950000E+03  5.2667969E-02  2.4082905E-03 -7.0667464E-05  2.4093271E-03  3.0174751E-01 -8.8543019E-03 -2.9330789E-02
  1.1000000E+03  5.3150053E-02  3.3855757E-03 -4.0510888E-05  3.3858181E-03  2.5552829E-01 -3.0575828E-03 -1.1964874E-02
  1.1050000E+03  5.3634333E-02  4.2389696E-03 -1.6672689E-05  4.2390024E-03  2.2514072E-01 -8.8552208E-04 -3.9331634E-03
  1.1100000E+03  5.4120810E-02  4.8239602E-03 -2.5766723E-06  4.8239609E-03  2.0234271E-01 -1.0807943E-04 -5.3414039E-04
  1.1150000E+03  5.4609483E-02  5.0242120E-03 -1.0099246E-06  5.0242121E-03  1.8335419E-01 -3.6856307E-05 -2.0101153E-04
  1.1200000E+03  5.5100352E-02  4.7818499E-03 -1.3441140E-05  4.7818688E-03  1.6601536E-01 -4.6664696E-04 -2.8108551E-03
  1.1250000E+03  5.5593418E-02  4.1178404E-03 -3.9524164E-05  4.1180301E-03  1.4872439E-01 -1.4274976E-03 -9.5978327E-03
  1.1300000E+03  5.6088680E-02  3.1356189E-03 -7.6915730E-05  3.1365621E-03  1.2983119E-01 -3.1847176E-03 -2.4522304E-02
  1.1350000E+03  5.6586138E-02  2.0069723E-03 -1.2141746E-04  2.0106417E-03  1.0694968E-01 -6.4702231E-03 -6.0387417E-02
  1.1400000E+03  5.7085792E-02  9.4354170E-04 -1.6738380E-04  9.5827359E-04  7.5484797E-02 -1.3390963E-02 -1.7467224E-01
  1.1450000E+03  5.7587643E-02  1.5811092E-04 -2.0836887E-04  2.6156577E-04  2.4066737E-02 -3.1716714E-02 -7.9662134E-01
  1.1500000E+03  5.8091690E-02 -1.8045517E-04 -2.3805527E-04  2.9872124E-04 -8.1600592E-02 -1.0764697E-01 -7.9691445E-01
  1.1550000E+03  5.8597933E-02  8.2995430E-06 -2.5147659E-04  2.5161351E-04  2.0630580E-02 -6.2510767E-01 -9.9945584E-01
  1.1600000E+03  5.9106373E-02  6.8665787E-04 -2.4631305E-04  7.2949925E-04  4.3235501E-01 -1.5509133E-01 -3.3764675E-01
  1.1650000E+03  5.9617009E-02  1.7018280E-03 -2.2372203E-04  1.7164702E-03  3.0771218E-01 -4.0451793E-02 -1.3033843E-01
  1.1700000E+03  6.0129841E-02  2.8297735E-03 -1.8812617E-04  2.8360200E-03  2.4873588E-01 -1.6536210E-02 -6.6334570E-02
  1.1750000E+03  6.0644869E-02  3.8440963E-03 -1.4587548E-04  3.8468631E-03  2.1418749E-01 -8.1279708E-03 -3.7920631E-02
  1.1800000E+03  6.1162094E-02  4.5772879E-03 -1.0340527E-04  4.5784558E-03  1.8989629E-01 -4.2899370E-03 -2.2585185E-02
  1.1850000E+03  6.1681515E-02  4.9488422E-03 -6.5765727E-05  4.9492791E-03  1.7053299E-01 -2.2662323E-03 -1.3287941E-02
  1.1900000E+03  6.2203132E-02  4.9582563E-03 -3.6007407E-05  4.9583871E-03  1.5363995E-01 -1.1157503E-03 -7.2619193E-03
  1.1950000E+03  6.2726946E-02  4.6585694E-03 -1.5330674E-05  4.6585947E-03  1.3786973E-01 -4.5370922E-04 -3.2908366E-03
  1.2000000E+03  6.3252956E-02  4.1277638E-03 -3.6168711E-06  4.1277654E-03  1.2235198E-01 -1.0720849E-04 -8.7622981E-04
  1.2050000E+03  6.3781162E-02  3.4475995E-03 -1.8359064E-10  3.4475995E-03  1.0642059E-01 -5.6670803E-09 -5.3251730E-08
  1.2100000E+03  6.4311564E-02  2.6916973E-03 -3.3087300E-06  2.6916993E-03  8.9470741E-02 -1.0998062E-04 -1.2292347E-03
  1.2150000E+03  6.4844163E-02  1.9207664E-03 -1.2341258E-05  1.9208061E-03  7.0861639E-02 -4.5529835E-04 -6.4250412E-03
  1.2200000E+03  6.5378958E-02  1.1821037E-03 -2.6011129E-05  1.1823898E-03  4.9824762E-02 -1.0963491E-03 -2.1998776E-02
  1.2250000E+03  6.5915949E-02  5.1111878E-04 -4.3403501E-05  5.1295835E-04  2.5347780E-02 -2.1524985E-03 -8.4614084E-02
  1.2300000E+03  6.6455136E-02 -6.6483619E-05 -6.3783678E-05  9.2132672E-05 -4.0045155E-03 -3.8418896E-03 -6.9230249E-01
  1.2350000E+03  6.6996520E-02 -5.3256336E-04 -8.6581850E-05  5.3955551E-04 -4.0402551E-02 -6.5684722E-03 -1.6046885E-01
  1.2400000E+03  6.7540100E-02 -8.7473370E-04 -1.1136888E-04  8.8179480E-04 -8.7350269E-02 -1.1121215E-02 -1.2629795E-01
  1.2450000E+03  6.8085877E-02 -1.0849550E-03 -1.3783066E-04  1.0936749E-03 -1.5094325E-01 -1.9175549E-02 -1.2602526E-01
  1.2500000E+03  6.8633849E-02 -1.1585147E-03 -1.6574437E-04  1.1703109E-03 -2.4282226E-01 -3.4739672E-02 -1.4162422E-01
  1.2550000E+03  6.9184018E-02 -1.0933450E-03 -1.9495757E-04  1.1105907E-03 -3.8814998E-01 -6.9212168E-02 -1.7554403E-01
  1.2600000E+03  6.9736383E-02 -8.8962894E-04 -2.2536996E-04  9.1773159E-04 -6.5131708E-01 -1.6499835E-01 -2.4557285E-01
  1.2650000E+03  7.0290945E-02 -5.4966089E-04 -2.5691693E-04  6.0673999E-04 -1.2252196E+00 -5.7267973E-01 -4.2343828E-01
  1.2700000E+03  7.0847703E-02 -7.7940811E-05 -2.8955367E-04  2.9986013E-04 -9.0710219E-01 -3.3699260E+00 -9.6562911E-01
  1.2750000E+03  7.1406657E-02  5.1849530E-04 -3.2323829E-04  6.1099948E-04  1.7919436E+00 -1.1171264E+00 -5.2903202E-01
  1.2800000E+03  7.1967807E-02  1.2294912E-03 -3.5791206E-04  1.2805271E-03  1.1597696E+00 -3.3761569E-01 -2.7950370E-01
  1.2850000E+03  7.2531154E-02  2.0408981E-03 -3.9347433E-04  2.0784819E-03  8.5501233E-01 -1.6484185E-01 -1.8930852E-01
  1.2900000E+03  7.3096697E-02  2.9333702E-03 -4.2974888E-04  2.9646829E-03  6.9139316E-01 -1.0129149E-01 -1.4495610E-01
  1.2950000E+03  7.3664436E-02  3.8807890E-03 -4.6643778E-04  3.9087194E-03  5.8989432E-01 -7.0900274E-02 -1.1933263E-01
  1.3000000E+03  7.4234371E-02  4.8483131E-03 -5.0305791E-04  4.8743418E-03  5.2029929E-01 -5.3985926E-02 -1.0320530E-01
  1.3050000E+03  7.4806503E-02  5.7901526E-03 -5.3885506E-04  5.8151726E-03  4.6897309E-01 -4.3644536E-02 -9.2663641E-02
  1.3100000E+03  7.5380831E-02  6.6473897E-03 -5.7269243E-04  6.6720137E-03  4.2888655E-01 -3.6949854E-02 -8.5835020E-02
  1.3150000E+03  7.5957356E-02  7.3466039E-03 -6.0291646E-04  7.3713022E-03  3.9600751E-01 -3.2499295E-02 -8.1792395E-02
  1.3200000E+03  7.6536076E-02  7.8007969E-03 -6.2721871E-04  7.8259719E-03  3.6778638E-01 -2.9571658E-02 -8.0145792E-02
  1.3250000E+03  7.7116993E-02  7.9151718E-03 -6.4254308E-04  7.9412093E-03  3.4242760E-01 -2.7797815E-02 -8.0912497E-02
  1.3300000E+03  7.7700106E-02  7.6013605E-03 -6.4513830E-04  7.6286883E-03  3.1847448E-01 -2.7029383E-02 -8.4567396E-02
  1.3350000E+03  7.8285416E-02  6.8035742E-03 -6.3091310E-04  6.8327647E-03  2.9449331E-01 -2.7309130E-02 -9.2336430E-02
  1.3400000E+03  7.8872921E-02  5.5365432E-03 -5.9626643E-04  5.5685586E-03  2.6869601E-01 -2.8937625E-02 -1.0707734E-01
  1.3450000E+03  7.9462624E-02  3.9255619E-03 -5.3943390E-04  3.9624520E-03  2.3823148E-01 -3.2736749E-02 -1.3613639E-01
  1.3500000E+03  8.0054522E-02  2.2251729E-03 -4.6202333E-04  2.2726328E-03  1.9733519E-01 -4.0973653E-02 -2.0329872E-01
  1.3550000E+03  8.0648616E-02  7.8671816E-04 -3.6993298E-04  8.6935371E-04  1.3086095E-01 -6.1533827E-02 -4.2552643E-01
  1.3600000E+03  8.1244907E-02 -3.6527941E-05 -2.7274375E-04  2.7517893E-04 -1.8853450E-02 -1.4077334E-01 -9.9115056E-01
  1.3650000E+03  8.1843394E-02 -1.5583005E-05 -1.8141339E-04  1.8208143E-04 -1.0553677E-01 -1.2286323E+00 -9.9633108E-01
  1.3700000E+03  8.2444078E-02  8.5849474E-04 -1.0528246E-04  8.6492637E-04  7.2843780E-01 -8.9332779E-02 -1.2172419E-01
  1.3750000E+03  8.3046958E-02  2.3556783E-03 -4.9874001E-05  2.3562062E-03  4.9151226E-01 -1.0406210E-02 -2.1167078E-02
  1.3800000E+03  8.3652034E-02  4.0659311E-03 -1.6257181E-05  4.0659636E-03  4.0579646E-01 -1.6225327E-03 -3.9983586E-03
  1.3850000E+03  8.4259306E-02  5.5085101E-03 -1.7082250E-06  5.5085104E-03  3.5753894E-01 -1.1087516E-04 -3.1010651E-04
  1.3900000E+03  8.4868775E-02  6.2644880E-03 -1.0023624E-06  6.2644881E-03  3.2272137E-01 -5.1637701E-05 -1.6000707E-04
  1.3950000E+03  8.5480439E-02  6.1063408E-03 -7.8965988E-06  6.1063459E-03  2.9269968E-01 -3.7851342E-04 -1.2931791E-03
  1.4000000E+03  8.6094301E-02  5.0818745E-03 -1.6611138E-05  5.0819017E-03  2.6252980E-01 -8.5813188E-04 -3.2686853E-03
  1.4050000E+03  8.6710358E-02  3.5023035E-03 -2.3050380E-05  3.5023793E-03  2.2728400E-01 -1.4958677E-03 -6.5813488E-03
  1.4100000E+03  8.7328612E-02  1.8250542E-03 -2.5370650E-05  1.8252305E-03  1.7855927E-01 -2.4822083E-03 -1.3899970E-02
  1.4150000E+03  8.7949062E-02  4.9189805E-04 -2.3708897E-05  4.9246908E-04  9.4374659E-02 -4.5487456E-03 -4.8142915E-02
  1.4200000E+03  8.8571708E-02 -1.9067936E-04 -1.9352973E-05  1.9165896E-04 -1.2135483E-01 -1.2316891E-02 -1.0097610E-01
  1.4250000E+03  8.9196551E-02 -8.6402123E-05 -1.3874897E-05  8.7509083E-05 -3.0037123E+00 -4.8235157E-01 -1.5855379E-01
  1.4300000E+03  8.9823589E-02  8.0217316E-04 -8.5781523E-06  8.0221902E-04  9.3108061E-01 -9.9566424E-03 -1.0693030E-02
  1.4350000E+03  9.0452825E-02  2.3891111E-03 -4.3019460E-06  2.3891150E-03  5.9439353E-01 -1.0702930E-03 -1.8006442E-03
  1.4400000E+03  9.1084256E-02  4.5539927E-03 -1.4529047E-06  4.5539929E-03  4.9127021E-01 -1.5673472E-04 -3.1903973E-04
  1.4450000E+03  9.1717884E-02  7.1735055E-03 -1.2413101E-07  7.1735055E-03  4.3986080E-01 -7.6113927E-06 -1.7304094E-05
  1.4500000E+03  9.2353708E-02  1.0137291E-02 -2.1749799E-07  1.0137291E-02  4.0832248E-01 -8.7606562E-06 -2.1455238E-05
  1.4550000E+03  9.2991728E-02  1.3353416E-02 -1.5369781E-06  1.3353416E-02  3.8656963E-01 -4.4494163E-05 -1.1509999E-04
  1.4600000E+03  9.3631944E-02  1.6748313E-02 -3.8493632E-06  1.6748313E-02  3.7039180E-01 -8.5129326E-05 -2.2983587E-04
  1.4650000E+03  9.4274357E-02  2.0264337E-02 -6.9192722E-06  2.0264339E-02  3.5771346E-01 -1.2214151E-04 -3.4145068E-04
  1.4700000E+03  9.4918966E-02  2.3856694E-02 -1.0526872E-05  2.3856696E-02  3.4738950E-01 -1.5328716E-04 -4.4125440E-04
  1.4750000E+03  9.5565772E-02  2.7490501E-02 -1.4475076E-05  2.7490505E-02  3.3873417E-01 -1.7835989E-04 -5.2654821E-04
  1.4800000E+03  9.6214773E-02  3.1138309E-02 -1.8590834E-05  3.1138314E-02  3.3131032E-01 -1.9780570E-04 -5.9704046E-04
  1.4850000E+03  9.6865971E-02  3.4778107E-02 -2.2723377E-05  3.4778114E-02  3.2482509E-01 -2.1223475E-04 -6.5338151E-04
  1.4900000E+03  9.7519366E-02  3.8391770E-02 -2.6741077E-05  3.8391780E-02  3.1907428E-01 -2.2224528E-04 -6.9653131E-04
  1.4950000E+03  9.8174956E-02  4.1963857E-02 -3.0527809E-05  4.1963868E-02  3.1391061E-01 -2.2836326E-04 -7.2747844E-04
  1.5000000E+03  9.8832743E-02  4.5480666E-02 -3.3979273E-05  4.5480678E-02  3.0922485E-01 -2.3102643E-04 -7.4711448E-04
  1.5050000E+03  9.9492726E-02  4.8929477E-02 -3.6999450E-05  4.8929491E-02  3.0493397E-01 -2.3058471E-04 -7.5617893E-04
  1.5100000E+03  1.0015491E-01  5.2297893E-02 -3.9497247E-05  5.2297908E-02  3.0097347E-01 -2.2730597E-04 -7.5523570E-04
  1.5150000E+03  1.0081928E-01  5.5573202E-02 -4.1383309E-05  5.5573218E-02  2.9729226E-01 -2.2138256E-04 -7.4466282E-04
  1.5200000E+03  1.0148585E-01  5.8741700E-02 -4.2566984E-05  5.8741716E-02  2.9384919E-01 -2.1293687E-04 -7.2464660E-04
  1.5250000E+03  1.0215462E-01  6.1787833E-02 -4.2953462E-05  6.1787848E-02  2.9061047E-01 -2.0202563E-04 -6.9517654E-04
  1.5300000E+03  1.0282559E-01  6.4693025E-02 -4.2441283E-05  6.4693039E-02  2.8754790E-01 -1.8864324E-04 -6.5604095E-04
  1.5350000E+03  1.0349875E-01  6.7433914E-02 -4.0920779E-05  6.7433926E-02  2.8463747E-01 -1.7272595E-04 -6.0682777E-04
  1.5400000E+03  1.0417410E-01  6.9979546E-02 -3.8274889E-05  6.9979557E-02  2.8185824E-01 -1.5416065E-04 -5.4694386E-04
  1.5450000E+03  1.0485166E-01  7.2286686E-02 -3.4385820E-05  7.2286695E-02  2.7919137E-01 -1.3280764E-04 -4.7568671E-04
  1.5500000E+03  1.0553141E-01  7.4291625E-02 -2.9155997E-05  7.4291630E-02  2.7661916E-01 -1.0856011E-04 -3.9245332E-04
  1.5550000E+03  1.0621335E-01  7.5895233E-02 -2.2564143E-05  7.5895237E-02  2.7412386E-01 -8.1498791E-05 -2.9730644E-04
  1.5600000E+03  1.0689749E-01  7.6934482E-02 -1.4810025E-05  7.6934483E-02  2.7168597E-01 -5.2300033E-05 -1.9250178E-04
  1.5650000E+03  1.0758383E-01  7.7125777E-02 -6.6917089E-06  7.7125777E-02  2.6928132E-01 -2.3363813E-05 -8.6763585E-05
  1.5700000E+03  1.0827237E-01  7.5948903E-02 -6.2000606E-07  7.5948903E-02  2.6687523E-01 -2.1786261E-06 -8.1634630E-06
  1.5750000E+03  1.0896310E-01  7.2414385E-02 -3.4334789E-06  7.2414385E-02  2.6441021E-01 -1.2536831E-05 -4.7414322E-05
  1.5800000E+03  1.0965603E-01  6.4702637E-02 -3.4053043E-05  6.4702646E-02  2.6178041E-01 -1.3777522E-04 -5.2630063E-04
  1.5850000E+03  1.1035115E-01  5.0505323E-02 -1.3898310E-04  5.0505514E-02  2.5882441E-01 -7.1224608E-04 -2.7518401E-03
  1.5900000E+03  1.1104847E-01  3.3045856E-02 -3.7608130E-04  3.3047996E-02  2.5606150E-01 -2.9141307E-03 -1.1379852E-02
  1.5950000E+03  1.1174799E-01  3.1012554E-02 -6.3079012E-04  3.1018968E-02  2.5699121E-01 -5.2271580E-03 -2.0335626E-02
  1.6000000E+03  1.1244970E-01  4.8246605E-02 -6.8128752E-04  4.8251414E-02  2.5727658E-01 -3.6329878E-03 -1.4119535E-02
  1.6050000E+03  1.1315361E-01  6.5630706E-02 -6.0454623E-04  6.5633491E-02  2.5561085E-01 -2.3545164E-03 -9.2109413E-03
  1.6100000E+03  1.1385971E-01  7.6981284E-02 -5.1608040E-04  7.6983014E-02  2.5362556E-01 -1.7002987E-03 -6.7038217E-03
  1.6150000E+03  1.1456801E-01  8.3890882E-02 -4.4510851E-04  8.3892063E-02  2.5164363E-01 -1.3351716E-03 -5.3057285E-03
  1.6200000E+03  1.1527851E-01  8.8158477E-02 -3.9121159E-04  8.8159345E-02  2.4970423E-01 -1.1080862E-03 -4.4375510E-03
  1.6250000E+03  1.1599121E-01  9.0832985E-02 -3.4973667E-04  9.0833658E-02  2.4780321E-01 -9.5412330E-04 -3.8502982E-03
  1.6300000E+03  1.1670610E-01  9.2478267E-02 -3.1682172E-04  9.2478809E-02  2.4593098E-01 -8.4253607E-04 -3.4258845E-03
  1.6350000E+03  1.1742318E-01  9.3402063E-02 -2.8979264E-04  9.3402513E-02  2.4407855E-01 -7.5728700E-04 -3.1026215E-03
  1.6400000E+03  1.1814246E-01  9.3777951E-02 -2.6685085E-04  9.3778331E-02  2.4223816E-01 -6.8930340E-04 -2.8455492E-03
  1.6450000E+03  1.1886394E-01  9.3706007E-02 -2.4677026E-04  9.3706332E-02  2.4040299E-01 -6.3308969E-04 -2.6334427E-03
  1.6500000E+03  1.1958762E-01  9.3242430E-02 -2.2868543E-04  9.3242711E-02  2.3856671E-01 -5.8510627E-04 -2.4525824E-03
  1.6550000E+03  1.2031349E-01  9.2412095E-02 -2.1194603E-04  9.2412339E-02  2.3672316E-01 -5.4292172E-04 -2.2934819E-03
  1.6600000E+03  1.2104156E-01  9.1207519E-02 -1.9599955E-04  9.1207730E-02  2.3486580E-01 -5.0471267E-04 -2.1489357E-03
  1.6650000E+03  1.2177182E-01  8.9565133E-02 -1.8024778E-04  8.9565314E-02  2.3298685E-01 -4.6888069E-04 -2.0124730E-03
  1.6700000E+03  1.2250428E-01  8.7268342E-02 -1.6372921E-04  8.7268496E-02  2.3107509E-01 -4.3353340E-04 -1.8761548E-03
  1.6750000E+03  1.2323894E-01  8.3482370E-02 -1.4393309E-04  8.3482494E-02  2.2910774E-01 -3.9500776E-04 -1.7241110E-03
  1.6800000E+03  1.2397579E-01  7.3075702E-02 -1.0921556E-04  7.3075783E-02  2.2699857E-01 -3.3926155E-04 -1.4945520E-03
  1.6850000E+03  1.2471484E-01  4.0080340E-03 -1.2152692E-08  4.0080340E-03  2.2145146E-01 -6.7145923E-07 -3.0320831E-06
  1.6900000E+03  1.2545609E-01  6.5233011E-02 -1.2823768E-04  6.5233137E-02  2.2379551E-01 -4.3994625E-04 -1.9658365E-03
  1.6950000E+03  1.2619953E-01  7.4367896E-02 -1.2426263E-04  7.4368000E-02  2.2149247E-01 -3.7009568E-04 -1.6709153E-03
  1.7000000E+03  1.2694517E-01  7.3828014E-02 -1.1215870E-04  7.3828099E-02  2.1928783E-01 -3.3313965E-04 -1.5191872E-03
  1.7050000E+03  1.2769300E-01  7.1598537E-02 -1.0015760E-04  7.1598607E-02  2.1705057E-01 -3.0362721E-04 -1.3988764E-03
  1.7100000E+03  1.2844303E-01  6.8770221E-02 -8.8691448E-05  6.8770278E-02  2.1474792E-01 -2.7695569E-04 -1.2896770E-03
  1.7150000E+03  1.2919526E-01  6.5619836E-02 -7.7742486E-05  6.5619882E-02  2.1236080E-01 -2.5159247E-04 -1.1847398E-03
  1.7200000E+03  1.2994968E-01  6.2250035E-02 -6.7286911E-05  6.2250071E-02  2.0987248E-01 -2.2685403E-04 -1.0809130E-03
  1.7250000E+03  1.3070630E-01  5.8712446E-02 -5.7329695E-05  5.8712474E-02  2.0726547E-01 -2.0238411E-04 -9.7644828E-04
  1.7300000E+03  1.3146512E-01  5.5040960E-02 -4.7901346E-05  5.5040981E-02  2.0452012E-01 -1.7799089E-04 -8.7028512E-04
  1.7350000E+03  1.3222613E-01  5.1262962E-02 -3.9052745E-05  5.1262977E-02  2.0161357E-01 -1.5359166E-04 -7.6181189E-04
  1.7400000E+03  1.3298934E-01  4.7403795E-02 -3.0851560E-05  4.7403805E-02  1.9851859E-01 -1.2920080E-04 -6.5082454E-04
  1.7450000E+03  1.3375474E-01  4.3488763E-02 -2.3379997E-05  4.3488769E-02  1.9520232E-01 -1.0494273E-04 -5.3760998E-04
  1.7500000E+03  1.3452234E-01  3.9544136E-02 -1.6733356E-05  3.9544139E-02  1.9162444E-01 -8.1087119E-05 -4.2315642E-04
  1.7550000E+03  1.3529214E-01  3.5597683E-02 -1.1019000E-05  3.5597685E-02  1.8773481E-01 -5.8111921E-05 -3.0954259E-04
  1.7600000E+03  1.3606414E-01  3.1678967E-02 -6.3554639E-06  3.1678968E-02  1.8347014E-01 -3.6807950E-05 -2.0062093E-04
  1.7650000E+03  1.3683833E-01  2.7819478E-02 -2.8715393E-06  2.7819478E-02  1.7874926E-01 -1.8450581E-05 -1.0322046E-04
  1.7700000E+03  1.3761471E-01  2.4052656E-02 -7.0515053E-07  2.4052656E-02  1.7346612E-01 -5.0854976E-06 -2.9316950E-05
  1.7750000E+03  1.3839329E-01  2.0413802E-02 -1.9129320E-09  2.0413802E-02  1.6747938E-01 -1.5694121E-08 -9.3707777E-08
  1.7800000E+03  1.3917407E-01  1.6939876E-02 -9.1324557E-07  1.6939876E-02  1.6059620E-01 -8.6579009E-06 -5.3910995E-05
  1.7850000E+03  1.3995705E-01  1.3669170E-02 -3.5939284E-06  1.3669170E-02  1.5254619E-01 -4.0107782E-05 -2.6292221E-04
  1.7900000E+03  1.4074222E-01  1.0640842E-02 -8.1990066E-06  1.0640845E-02  1.4293788E-01 -1.1013684E-04 -7.7052214E-04
  1.7950000E+03  1.4152959E-01  7.8942945E-03 -1.4879961E-05  7.8943085E-03  1.3118214E-01 -2.4726531E-04 -1.8848974E-03
  1.8000000E+03  1.4231915E-01  5.4683842E-03 -2.3780100E-05  5.4684360E-03  1.1634896E-01 -5.0596114E-04 -4.3486109E-03
  1.8050000E+03  1.4311091E-01  3.4004566E-03 -3.5029161E-05  3.4006370E-03  9.6878971E-02 -9.9798041E-04 -1.0300765E-02
  1.8100000E+03  1.4390487E-01  1.7252112E-03 -4.8737187E-05  1.7258995E-03  6.9942652E-02 -1.9758787E-03 -2.8238717E-02
  1.8150000E+03  1.4470102E-01  4.7341251E-04 -6.4987807E-05  4.7785230E-04  2.9818725E-02 -4.0933720E-03 -1.3599978E-01
  1.8200000E+03  1.4549937E-01 -3.2951835E-04 -8.3831155E-05  3.4001472E-04 -3.7049058E-02 -9.4254700E-03 -2.4655155E-01
  1.8250000E+03  1.4629991E-01 -6.6497600E-04 -1.0527675E-04  6.7325795E-04 -1.7224229E-01 -2.7268818E-02 -1.5636912E-01
  1.8300000E+03  1.4710265E-01 -5.2263142E-04 -1.2928679E-04  5.3838525E-04 -5.8827679E-01 -1.4552591E-01 -2.4013805E-01
  1.8350000E+03  1.4790759E-01  9.8215214E-05 -1.5577031E-04  1.8414836E-04  1.8416584E+00 -2.9208885E+00 -8.4589573E-01
  1.8400000E+03  1.4871473E-01  1.1875008E-03 -1.8457892E-04  1.2017602E-03  8.5511679E-01 -1.3291488E-01 -1.5359047E-01
  1.8450000E+03  1.4952406E-01  2.7236026E-03 -2.1550453E-04  2.7321152E-03  5.5819911E-01 -4.4167396E-02 -7.8878273E-02
  1.8500000E+03  1.5033558E-01  4.6729908E-03 -2.4827966E-04  4.6795818E-03  4.4686822E-01 -2.3742458E-02 -5.3055950E-02
  1.8550000E+03  1.5114931E-01  6.9904239E-03 -2.8258075E-04  6.9961331E-03  3.8835459E-01 -1.5698838E-02 -4.0390991E-02
  1.8600000E+03  1.5196523E-01  9.6197437E-03 -3.1803452E-04  9.6249994E-03  3.5196505E-01 -1.1636176E-02 -3.3042549E-02
  1.8650000E+03  1.5278334E-01  1.2495281E-02 -3.5422737E-04  1.2500301E-02  3.2689442E-01 -9.2670943E-03 -2.8337507E-02
  1.8700000E+03  1.5360365E-01  1.5543825E-02 -3.9071735E-04  1.5548735E-02  3.0837219E-01 -7.7513975E-03 -2.5128563E-02
  1.8750000E+03  1.5442616E-01  1.8687050E-02 -4.2704808E-04  1.8691929E-02  2.9396665E-01 -6.7179084E-03 -2.2846656E-02
  1.8800000E+03  1.5525087E-01  2.1844255E-02 -4.6276357E-04  2.1849156E-02  2.8230753E-01 -5.9805951E-03 -2.1179929E-02
  1.8850000E+03  1.5607777E-01  2.4935206E-02 -4.9742307E-04  2.4940167E-02  2.7256294E-01 -5.4372559E-03 -1.9944657E-02
  1.8900000E+03  1.5690686E-01  2.7882909E-02 -5.3061462E-04  2.7887957E-02  2.6419763E-01 -5.0277081E-03 -1.9026658E-02
  1.8950000E+03  1.5773816E-01  3.0616078E-02 -5.6196651E-04  3.0621235E-02  2.5685055E-01 -4.7145624E-03 -1.8352183E-02
  1.9000000E+03  1.5857165E-01  3.3071165E-02 -5.9115560E-04  3.3076448E-02  2.5026826E-01 -4.4736097E-03 -1.7872403E-02
  1.9050000E+03  1.5940733E-01  3.5193789E-02 -6.1791187E-04  3.5199214E-02  2.4426647E-01 -4.2886872E-03 -1.7554707E-02
  1.9100000E+03  1.6024521E-01  3.6939501E-02 -6.4201861E-04  3.6945080E-02  2.3870676E-01 -4.1487886E-03 -1.7377648E-02
  1.9150000E+03  1.6108529E-01  3.8273809E-02 -6.6330755E-04  3.8279556E-02  2.3348176E-01 -4.0463758E-03 -1.7327984E-02
  1.9200000E+03  1.6192757E-01  3.9171432E-02 -6.8164794E-04  3.9177362E-02  2.2850538E-01 -3.9763730E-03 -1.7399026E-02
  1.9250000E+03  1.6277204E-01  3.9614690E-02 -6.9692714E-04  3.9620820E-02  2.2370594E-01 -3.9355790E-03 -1.7589922E-02
  1.9300000E+03  1.6361870E-01  3.9590828E-02 -7.0901805E-04  3.9597176E-02  2.1902102E-01 -3.9223696E-03 -1.7905773E-02
  1.9350000E+03  1.6446757E-01  3.9087792E-02 -7.1772241E-04  3.9094380E-02  2.1439312E-01 -3.9366447E-03 -1.8358711E-02
  1.9400000E+03  1.6531863E-01  3.8087350E-02 -7.2266559E-04  3.8094205E-02  2.0976520E-01 -3.9800641E-03 -1.8970486E-02
  1.9450000E+03  1.6617188E-01  3.6553060E-02 -7.2308495E-04  3.6560211E-02  2.0507492E-01 -4.0567490E-03 -1.9777921E-02
  1.9500000E+03  1.6702734E-01  3.4407297E-02 -7.1736632E-04  3.4414774E-02  2.0024488E-01 -4.1749555E-03 -2.0844719E-02
  1.9550000E+03  1.6788498E-01  3.1483548E-02 -7.0193576E-04  3.1491372E-02  1.9516212E-01 -4.3512019E-03 -2.2289780E-02
  1.9600000E+03  1.6874483E-01  2.7421967E-02 -6.6838364E-04  2.7430112E-02  1.8962444E-01 -4.6219104E-03 -2.4366785E-02
  1.9650000E+03  1.6960687E-01  2.1457436E-02 -5.9570864E-04  2.1465704E-02  1.8315978E-01 -5.0849440E-03 -2.7751647E-02
  1.9700000E+03  1.7047111E-01  1.2334841E-02 -4.3397253E-04  1.2342473E-02  1.7411681E-01 -6.1258929E-03 -3.5160907E-02
  1.9750000E+03  1.7133754E-01  1.6972565E-03 -1.4137779E-04  1.7031346E-03  1.4740722E-01 -1.2278702E-02 -8.3010346E-02
  1.9800000E+03  1.7220617E-01  2.9084950E-03 -8.6587860E-06  2.9085078E-03  2.0313547E-01 -6.0474801E-04 -2.9770544E-03
  1.9850000E+03  1.7307700E-01  1.2408637E-02 -1.9669955E-04  1.2410196E-02  1.7841095E-01 -2.8281393E-03 -1.5849834E-02
  1.9900000E+03  1.7395002E-01  1.6798488E-02 -3.6733540E-04  1.6802503E-02  1.6837635E-01 -3.6819144E-03 -2.1861945E-02
  1.9950000E+03  1.7482524E-01  1.7312128E-02 -4.6064725E-04  1.7318256E-02  1.6012383E-01 -4.2606318E-03 -2.6598941E-02
  2.0000000E+03  1.7570265E-01  1.6193245E-02 -5.0902359E-04  1.6201243E-02  1.5206111E-01 -4.7799369E-03 -3.1418798E-02
  2.0050000E+03  1.7658227E-01  1.4422054E-02 -5.3383082E-04  1.4431931E-02  1.4365379E-01 -5.3173300E-03 -3.6989563E-02
  2.0100000E+03  1.7746407E-01  1.2407860E-02 -5.4563280E-04  1.2419851E-02  1.3458827E-01 -5.9184885E-03 -4.3932315E-02
  2.0150000E+03  1.7834808E-01  1.0340892E-02 -5.4975791E-04  1.0355495E-02  1.2459138E-01 -6.6237126E-03 -5.3088519E-02
  2.0200000E+03  1.7923428E-01  8.3222259E-03 -5.4907772E-04  8.3403195E-03  1.1336259E-01 -7.4793538E-03 -6.5834134E-02
  2.0250000E+03  1.8012267E-01  6.4130644E-03 -5.4525056E-04  6.4362018E-03  1.0052796E-01 -8.5470728E-03 -8.4716200E-02
  2.0300000E+03  1.8101327E-01  4.6549038E-03 -5.3929667E-04  4.6860399E-03  8.5588833E-02 -9.9159455E-03 -1.1508580E-01
  2.0350000E+03  1.8190606E-01  3.0784246E-03 -5.3188002E-04  3.1240349E-03  6.7846958E-02 -1.1722373E-02 -1.7025419E-01
  2.0400000E+03  1.8280104E-01  1.7076655E-03 -5.2345484E-04  1.7860925E-03  4.6281089E-02 -1.4186655E-02 -2.9307264E-01
  2.0450000E+03  1.8369822E-01  5.6206775E-04 -5.1434606E-04  7.6188715E-04  1.9326764E-02 -1.7685848E-02 -6.7509481E-01
  2.0500000E+03  1.8459760E-01 -3.4251449E-04 -5.0479570E-04  6.1002859E-04 -1.5546126E-02 -2.2911783E-02 -8.2749516E-01
  2.0550000E+03  1.8549918E-01 -9.9334541E-04 -4.9499091E-04  1.1098428E-03 -6.2714302E-02 -3.1250972E-02 -4.4600091E-01
  2.0600000E+03  1.8640295E-01 -1.3806464E-03 -4.8508151E-04  1.4633826E-03 -1.3044057E-01 -4.5829479E-02 -3.3147962E-01
  2.0650000E+03  1.8730891E-01 -1.4976283E-03 -4.7519158E-04  1.5712089E-03 -2.3628439E-01 -7.4972112E-02 -3.0243691E-01
  2.0700000E+03  1.8821708E-01 -1.3406564E-03 -4.6542728E-04  1.4191484E-03 -4.2426166E-01 -1.4728826E-01 -3.2796237E-01
  2.0750000E+03  1.8912744E-01 -9.0951893E-04 -4.5588246E-04  1.0173758E-03 -8.2863696E-01 -4.1534160E-01 -4.4809643E-01
  2.0800000E+03  1.9003999E-01 -2.0777649E-04 -4.4664279E-04  4.9260618E-04 -1.1153589E+00 -2.3976100E+00 -9.0669343E-01
  2.0850000E+03  1.9095474E-01  7.5681744E-04 -4.3778905E-04  8.7431796E-04  1.6941628E+00 -9.8000637E-01 -5.0072064E-01
  2.0900000E+03  1.9187169E-01  1.9718401E-03 -4.2939981E-04  2.0180529E-03  1.0470914E+00 -2.2802095E-01 -2.1277926E-01
  2.0950000E+03  1.9279084E-01  3.4196811E-03 -4.2155388E-04  3.4455662E-03  7.6314850E-01 -9.4075499E-02 -1.2234676E-01
  2.1000000E+03  1.9371218E-01  5.0770026E-03 -4.1433259E-04  5.0938814E-03  6.1883015E-01 -5.0502534E-02 -8.1339269E-02
  2.1050000E+03  1.9463571E-01  6.9142041E-03 -4.0782211E-04  6.9262210E-03  5.3218233E-01 -3.1389834E-02 -5.8880898E-02
  2.1100000E+03  1.9556145E-01  8.8949280E-03 -4.0211600E-04  8.9040127E-03  4.7422021E-01 -2.1438232E-02 -4.5161212E-02
  2.1150000E+03  1.9648938E-01  1.0975650E-02 -3.9731797E-04  1.0982839E-02  4.3245223E-01 -1.5654748E-02 -3.6176252E-02
  2.1200000E+03  1.9741950E-01  1.3105413E-02 -3.9354517E-04  1.3111321E-02  4.0066126E-01 -1.2031540E-02 -3.0015677E-02
  2.1250000E+03  1.9835182E-01  1.5225763E-02 -3.9093215E-04  1.5230780E-02  3.7541251E-01 -9.6389800E-03 -2.5667243E-02
  2.1300000E+03  1.9928634E-01  1.7270964E-02 -3.8963551E-04  1.7275358E-02  3.5465186E-01 -8.0009988E-03 -2.2554410E-02
  2.1350000E+03  2.0022306E-01  1.9168572E-02 -3.8983969E-04  1.9172535E-02  3.3707046E-01 -6.8551506E-03 -2.0333236E-02
  2.1400000E+03  2.0116197E-01  2.0840430E-02 -3.9176392E-04  2.0844112E-02  3.2178808E-01 -6.0490577E-03 -1.8794944E-02
  2.1450000E+03  2.0210308E-01  2.2204161E-02 -3.9567035E-04  2.2207686E-02  3.0818251E-01 -5.4917039E-03 -1.7816820E-02
  2.1500000E+03  2.0304638E-01  2.3175225E-02 -4.0187336E-04  2.3178709E-02  2.9579095E-01 -5.1292061E-03 -1.7338039E-02
  2.1550000E+03  2.0399188E-01  2.3669599E-02 -4.1074877E-04  2.3673162E-02  2.8424874E-01 -4.9326911E-03 -1.7350820E-02
  2.1600000E+03  2.0493958E-01  2.3607233E-02 -4.2274036E-04  2.3611018E-02  2.7324715E-01 -4.8931021E-03 -1.7904369E-02
  2.1650000E+03  2.0588947E-01  2.2916569E-02 -4.3835708E-04  2.2920761E-02  2.6249974E-01 -5.0211976E-03 -1.9124892E-02
  2.1700000E+03  2.0684156E-01  2.1540850E-02 -4.5814580E-04  2.1545722E-02  2.5170846E-01 -5.3535107E-03 -2.1263887E-02
  2.1750000E+03  2.0779584E-01  1.9447825E-02 -4.8260714E-04  1.9453812E-02  2.4051926E-01 -5.9686013E-03 -2.4807845E-02
  2.1800000E+03  2.0875232E-01  1.6646150E-02 -5.1198632E-04  1.6654022E-02  2.2844824E-01 -7.0263916E-03 -3.0742502E-02
  2.1850000E+03  2.0971100E-01  1.3214561E-02 -5.4580789E-04  1.3225828E-02  2.1473445E-01 -8.8692887E-03 -4.1268334E-02
  2.1900000E+03  2.1067188E-01  9.3524961E-03 -5.8193744E-04  9.3705835E-03  1.9800069E-01 -1.2320135E-02 -6.2102583E-02
  2.1950000E+03  2.1163495E-01  5.4563498E-03 -6.1495307E-04  5.4908944E-03  1.7536219E-01 -1.9764040E-02 -1.1199506E-01
  2.2000000E+03  2.1260021E-01  2.1907080E-03 -6.3412842E-04  2.2806403E-03  1.4002963E-01 -4.0533365E-02 -2.7804841E-01
  2.2050000E+03  2.1356767E-01  4.2484473E-04 -6.2323468E-04  7.5426422E-04  8.9560747E-02 -1.3138297E-01 -8.2628165E-01
  2.2100000E+03  2.1453733E-01  8.1266659E-04 -5.6702000E-04  9.9092818E-04  3.3100440E-01 -2.3095094E-01 -5.7221099E-01
  2.2150000E+03  2.1550919E-01  3.0959036E-03 -4.6530243E-04  3.1306750E-03  3.1830786E-01 -4.7840449E-02 -1.4862687E-01
  2.2200000E+03  2.1648324E-01  5.9676221E-03 -3.4006102E-04  5.9773033E-03  2.6592770E-01 -1.5153715E-02 -5.6892047E-02
  2.2250000E+03  2.1745949E-01  8.0038974E-03 -2.2120782E-04  8.0069536E-03  2.3349845E-01 -6.4533165E-03 -2.7626964E-02
  2.2300000E+03  2.1843793E-01  8.5794581E-03 -1.2727704E-04  8.5804021E-03  2.0847218E-01 -3.0927038E-03 -1.4833459E-02
  2.2350000E+03  2.1941857E-01  7.8529135E-03 -6.1901288E-05  7.8531575E-03  1.8549423E-01 -1.4621747E-03 -7.8823439E-03
  2.2400000E+03  2.2040141E-01  6.2993515E-03 -2.1290572E-05  6.2993874E-03  1.6160869E-01 -5.4620566E-04 -3.3797844E-03
  2.2450000E+03  2.2138644E-01  4.3847191E-03 -1.7254219E-06  4.3847194E-03  1.3421538E-01 -5.2814822E-05 -3.9350795E-04
  2.2500000E+03  2.2237367E-01  2.4639438E-03 -6.2781918E-06  2.4639518E-03  9.9703078E-02 -2.5404600E-04 -2.5480174E-03
  2.2550000E+03  2.2336310E-01  8.1610938E-04 -6.2161048E-05  8.1847328E-04  5.1157407E-02 -3.8965341E-03 -7.5947559E-02
  2.2600000E+03  2.2435472E-01 -1.2749246E-04 -2.5310792E-04  2.8340421E-04 -1.5939865E-02 -3.1645057E-02 -8.9309866E-01
  2.2650000E+03  2.2534854E-01 -3.7012798E-04 -3.1229957E-04  4.8427858E-04 -5.8923762E-02 -4.9717575E-02 -6.4487587E-01
  2.2700000E+03  2.2634455E-01 -8.3298417E-04 -1.4527332E-04  8.4555719E-04 -2.0791130E-01 -3.6259950E-02 -1.7180780E-01
  2.2750000E+03  2.2734276E-01 -7.9960902E-04 -6.4794667E-05  8.0222998E-04 -6.2588757E-01 -5.0717508E-02 -8.0768195E-02
  2.2800000E+03  2.2834317E-01 -1.7824112E-04 -3.0172172E-05  1.8077682E-04 -5.2968622E+00 -8.9663842E-01 -1.6690288E-01
  2.2850000E+03  2.2934577E-01  9.7372901E-04 -1.3297446E-05  9.7381981E-04  1.5969642E+00 -2.1808476E-02 -1.3654935E-02
  2.2900000E+03  2.3035057E-01  2.5986506E-03 -4.3183475E-06  2.5986542E-03  8.5995258E-01 -1.4290394E-03 -1.6617630E-03
  2.2950000E+03  2.3135757E-01  4.6323238E-03 -1.4916595E-07  4.6323238E-03  6.4439486E-01 -2.0750227E-05 -3.2201105E-05
  2.3000000E+03  2.3236676E-01  6.9839415E-03 -4.1326127E-06  6.9839427E-03  5.4001812E-01 -3.1954531E-04 -5.9173062E-04
  2.3050000E+03  2.3337815E-01  9.5614341E-03 -2.1896149E-05  9.5614591E-03  4.7833528E-01 -1.0954111E-03 -2.2900427E-03
  2.3100000E+03  2.3439173E-01  1.2410829E-02 -2.4564474E-05  1.2410853E-02  4.3711415E-01 -8.6517020E-04 -1.9792736E-03
  2.3150000E+03  2.3540751E-01  1.5372729E-02 -2.0599402E-05  1.5372743E-02  4.0658520E-01 -5.4482271E-04 -1.3399952E-03
  2.3200000E+03  2.3642549E-01  1.8296209E-02 -1.9273999E-05  1.8296219E-02  3.8282324E-01 -4.0328217E-04 -1.0534417E-03
  2.3250000E+03  2.3744567E-01  2.1056217E-02 -2.0655704E-05  2.1056227E-02  3.6353715E-01 -3.5662226E-04 -9.8097838E-04
  2.3300000E+03  2.3846803E-01  2.3511694E-02 -2.4660948E-05  2.3511706E-02  3.4728674E-01 -3.6426216E-04 -1.0488796E-03
  2.3350000E+03  2.3949260E-01  2.5505475E-02 -3.1746935E-05  2.5505495E-02  3.3312259E-01 -4.1464122E-04 -1.2447097E-03
  2.3400000E+03  2.4051936E-01  2.6869839E-02 -4.2837123E-05  2.6869873E-02  3.2037526E-01 -5.1075684E-04 -1.5942436E-03
  2.3450000E+03  2.4154832E-01  2.7436854E-02 -5.9274356E-05  2.7436918E-02  3.0853175E-01 -6.6654949E-04 -2.1603868E-03
  2.3500000E+03  2.4257948E-01  2.7056102E-02 -8.2781004E-05  2.7056228E-02  2.9715522E-01 -9.0917784E-04 -3.0595914E-03
  2.3550000E+03  2.4361283E-01  2.5621854E-02 -1.1536706E-04  2.5622113E-02  2.8582146E-01 -1.2869631E-03 -4.5026362E-03
  2.3600000E+03  2.4464838E-01  2.3109529E-02 -1.5913073E-04  2.3110077E-02  2.7405210E-01 -1.8871052E-03 -6.8857725E-03
  2.3650000E+03  2.4568612E-01  1.9616461E-02 -2.1591208E-04  1.9617649E-02  2.6122019E-01 -2.8751667E-03 -1.1006012E-02
  2.3700000E+03  2.4672606E-01  1.5394848E-02 -2.8680657E-04  1.5397519E-02  2.4638275E-01 -4.5901194E-03 -1.8626804E-02
  2.3750000E+03  2.4776820E-01  1.0858296E-02 -3.7163104E-04  1.0864654E-02  2.2793489E-01 -7.8011946E-03 -3.4205512E-02
  2.3800000E+03  2.4881253E-01  6.5440633E-03 -4.6853094E-04  6.5608144E-03  2.0280808E-01 -1.4520315E-02 -7.1413534E-02
  2.3850000E+03  2.4985906E-01  3.0269455E-03 -5.7395158E-04  3.0808797E-03  1.6450945E-01 -3.1193314E-02 -1.8629471E-01
  2.3900000E+03  2.5090778E-01  8.0517059E-04 -6.8309417E-04  1.0558965E-03  1.0066446E-01 -8.5402158E-02 -6.4693291E-01
  2.3950000E+03  2.5195870E-01  1.9857959E-04 -7.9075533E-04  8.1530844E-04  7.7405013E-02 -3.0823120E-01 -9.6988489E-01
  2.4000000E+03  2.5301182E-01  1.2974565E-03 -8.9224787E-04  1.5746427E-03  4.5069792E-01 -3.0994046E-01 -5.6663514E-01
  2.4050000E+03  2.5406714E-01  3.9754100E-03 -9.8407361E-04  4.0953981E-03  4.4445469E-01 -1.1002038E-01 -2.4028766E-01
  2.4100000E+03  2.5512465E-01  7.9499738E-03 -1.0641778E-03  8.0208826E-03  3.9479620E-01 -5.2847135E-02 -1.3267589E-01
  2.4150000E+03  2.5618435E-01  1.2859875E-02 -1.1318239E-03  1.2909586E-02  3.6291314E-01 -3.1940729E-02 -8.7673139E-02
  2.4200000E+03  2.5724626E-01  1.8332384E-02 -1.1872527E-03  1.8370788E-02  3.4165033E-01 -2.2126162E-02 -6.4627208E-02
  2.4250000E+03  2.5831036E-01  2.4028083E-02 -1.2312940E-03  2.4059610E-02  3.2627830E-01 -1.6719790E-02 -5.1176804E-02
  2.4300000E+03  2.5937665E-01  2.9662801E-02 -1.2650380E-03  2.9689764E-02  3.1440115E-01 -1.3408356E-02 -4.2608556E-02
  2.4350000E+03  2.6044514E-01  3.5012748E-02 -1.2896071E-03  3.5036490E-02  3.0473873E-01 -1.1224290E-02 -3.6807542E-02
  2.4400000E+03  2.6151583E-01  3.9909923E-02 -1.3060212E-03  3.9931287E-02  2.9655467E-01 -9.7045208E-03 -3.2706714E-02
  2.4450000E+03  2.6258871E-01  4.4233300E-02 -1.3151350E-03  4.4252846E-02  2.8939605E-01 -8.6042613E-03 -2.9718653E-02
  2.4500000E+03  2.6366380E-01  4.7899161E-02 -1.3176208E-03  4.7917280E-02  2.8296753E-01 -7.7839336E-03 -2.7497821E-02
  2.4550000E+03  2.6474107E-01  5.0852218E-02 -1.3139777E-03  5.0869191E-02  2.7706609E-01 -7.1591503E-03 -2.5830521E-02
  2.4600000E+03  2.6582055E-01  5.3057897E-02 -1.3045517E-03  5.3073933E-02  2.7154514E-01 -6.6765680E-03 -2.4579894E-02
  2.4650000E+03  2.6690222E-01  5.4495249E-02 -1.2895541E-03  5.4510505E-02  2.6629332E-01 -6.3014602E-03 -2.3656983E-02
  2.4700000E+03  2.6798608E-01  5.5148493E-02 -1.2690606E-03  5.5163093E-02  2.6122126E-01 -6.0111451E-03 -2.3005609E-02
  2.4750000E+03  2.6907214E-01  5.4990953E-02 -1.2429247E-03  5.5004998E-02  2.5625212E-01 -5.7918999E-03 -2.2596578E-02
  2.4800000E+03  2.7016040E-01  5.3935713E-02 -1.2102943E-03  5.3949291E-02  2.5131279E-01 -5.6393513E-03 -2.2433924E-02
  2.4850000E+03  2.7125086E-01  5.1601139E-02 -1.1665049E-03  5.1614322E-02  2.4631757E-01 -5.5683007E-03 -2.2600412E-02
  2.4900000E+03  2.7234351E-01  4.5213992E-02 -1.0675730E-03  4.5226593E-02  2.4108291E-01 -5.6923441E-03 -2.3604983E-02
  2.4950000E+03  2.7343835E-01  1.2664502E-04 -1.6488035E-05  1.2771380E-04  2.6315489E-01 -3.4260384E-02 -1.2910143E-01
  1.2690000E+03  7.0736175E-02 -1.8252770E-04 -2.8294105E-04  3.3670758E-04 -1.6095489E+00 -2.4950047E+00 -8.4031683E-01
  1.2691000E+03  7.0747324E-02 -1.7229583E-04 -2.8360041E-04  3.3183587E-04 -1.5715239E+00 -2.5867418E+00 -8.5464061E-01
  1.2692000E+03  7.0758474E-02 -1.6201338E-04 -2.8426020E-04  3.2718832E-04 -1.5270520E+00 -2.6792854E+00 -8.6879690E-01
  1.2693000E+03  7.0769624E-02 -1.5168043E-04 -2.8492041E-04  3.2277948E-04 -1.4757603E+00 -2.7721061E+00 -8.8270918E-01
  1.2694000E+03  7.0780776E-02 -1.4129703E-04 -2.8558104E-04  3.1862420E-04 -1.4173178E+00 -2.8645973E+00 -8.9629426E-01
  1.2695000E+03  7.0791928E-02 -1.3086324E-04 -2.8624209E-04  3.1473755E-04 -1.3514498E+00 -2.9560770E+00 -9.0946281E-01
  1.2696000E+03  7.0803081E-02 -1.2037913E-04 -2.8690357E-04  3.1113468E-04 -1.2779544E+00 -3.0457912E+00 -9.2212017E-01
  1.2697000E+03  7.0814235E-02 -1.0984477E-04 -2.8756546E-04  3.0783075E-04 -1.1967189E+00 -3.1329215E+00 -9.3416745E-01
  1.2698000E+03  7.0825390E-02 -9.9260216E-05 -2.8822778E-04  3.0484068E-04 -1.1077353E+00 -3.2165967E+00 -9.4550299E-01
  1.2699000E+03  7.0836546E-02 -8.8625542E-05 -2.8889052E-04  3.0217911E-04 -1.0111152E+00 -3.2959075E+00 -9.5602410E-01
  1.2700000E+03  7.0847703E-02 -7.7940811E-05 -2.8955367E-04  2.9986013E-04 -9.0710219E-01 -3.3699260E+00 -9.6562911E-01
  1.2701000E+03  7.0858860E-02 -6.7206092E-05 -2.9021725E-04  2.9789715E-04 -7.9608054E-01 -3.4377286E+00 -9.7421963E-01
  1.2702000E+03  7.0870019E-02 -5.6421451E-05 -2.9088124E-04  2.9630268E-04 -6.7857936E-01 -3.4984213E+00 -9.8170305E-01
  1.2703000E+03  7.0881178E-02 -4.5586957E-05 -2.9154566E-04  2.9508819E-04 -5.5527128E-01 -3.5511678E+00 -9.8799500E-01
  1.2704000E+03  7.0892338E-02 -3.4702678E-05 -2.9221049E-04  2.9426391E-04 -4.2696496E-01 -3.5952165E+00 -9.9302186E-01
  1.2705000E+03  7.0903499E-02 -2.3768683E-05 -2.9287574E-04  2.9383865E-04 -2.9459119E-01 -3.6299283E+00 -9.9672301E-01
  1.2706000E+03  7.0914661E-02 -1.2785041E-05 -2.9354141E-04  2.9381970E-04 -1.5918286E-01 -3.6547995E+00 -9.9905285E-01
  1.2707000E+03  7.0925824E-02 -1.7518237E-06 -2.9420750E-04  2.9421272E-04 -2.1849493E-02 -3.6694816E+00 -9.9998227E-01
  1.2708000E+03  7.0936988E-02  9.3308994E-06 -2.9487400E-04  2.9502160E-04  1.1625240E-01 -3.6737948E+00 -9.9949971E-01
  1.2709000E+03  7.0948152E-02  2.0463057E-05 -2.9554093E-04  2.9624850E-04  2.5395149E-01 -3.6677344E+00 -9.9761154E-01
  2.0790000E+03  1.8985730E-01 -3.6946528E-04 -4.4846239E-04  5.8105344E-04 -1.3422889E+00 -1.6292900E+00 -7.7180919E-01
  2.0791000E+03  1.8987557E-01 -3.5377243E-04 -4.4827975E-04  5.7106012E-04 -1.3388023E+00 -1.6964521E+00 -7.8499571E-01
  2.0792000E+03  1.8989383E-01 -3.3797359E-04 -4.4809726E-04  5.6126403E-04 -1.3321313E+00 -1.7661865E+00 -7.9837161E-01
  2.0793000E+03  1.8991210E-01 -3.2206885E-04 -4.4791492E-04  5.5168480E-04 -1.3219008E+00 -1.8384239E+00 -8.1190368E-01
  2.0794000E+03  1.8993037E-01 -3.0605827E-04 -4.4773274E-04  5.4234331E-04 -1.3077124E+00 -1.9130528E+00 -8.2555224E-01
  2.0795000E+03  1.8994864E-01 -2.8994193E-04 -4.4755070E-04  5.3326161E-04 -1.2891476E+00 -1.9899119E+00 -8.3927042E-01
  2.0796000E+03  1.8996691E-01 -2.7371990E-04 -4.4736881E-04  5.2446300E-04 -1.2657724E+00 -2.0687831E+00 -8.5300357E-01
  2.0797000E+03  1.8998518E-01 -2.5739227E-04 -4.4718708E-04  5.1597196E-04 -1.2371436E+00 -2.1493833E+00 -8.6668872E-01
  2.0798000E+03  1.9000345E-01 -2.4095910E-04 -4.4700549E-04  5.0781414E-04 -1.2028173E+00 -2.2313577E+00 -8.8025413E-01
  2.0799000E+03  1.9002172E-01 -2.2442048E-04 -4.4682406E-04  5.0001630E-04 -1.1623594E+00 -2.3142725E+00 -8.9361900E-01
  2.0800000E+03  1.9003999E-01 -2.0777649E-04 -4.4664279E-04  4.9260618E-04 -1.1153589E+00 -2.3976100E+00 -9.0669343E-01
  2.0801000E+03  1.9005826E-01 -1.9102720E-04 -4.4646167E-04  4.8561241E-04 -1.0614429E+00 -2.4807649E+00 -9.1937863E-01
  2.0802000E+03  1.9007654E-01 -1.7417269E-04 -4.4628070E-04  4.7906429E-04 -1.0002945E+00 -2.5630433E+00 -9.3156746E-01
  2.0803000E+03  1.9009481E-01 -1.5721305E-04 -4.4609989E-04  4.7299160E-04 -9.3167207E-01 -2.6436662E+00 -9.4314548E-01
  2.0804000E+03  1.9011309E-01 -1.4014835E-04 -4.4591924E-04  4.6742436E-04 -8.5542926E-01 -2.7217756E+00 -9.5399231E-01
  2.0805000E+03  1.9013137E-01 -1.2297868E-04 -4.4573874E-04  4.6239246E-04 -7.7153589E-01 -2.7964476E+00 -9.6398360E-01
  2.0806000E+03  1.9014965E-01 -1.0570413E-04 -4.4555840E-04  4.5792538E-04 -6.8009705E-01 -2.8667088E+00 -9.7299347E-01
  2.0807000E+03  1.9016792E-01 -8.8324769E-05 -4.4537822E-04  4.5405179E-04 -5.8136964E-01 -2.9315602E+00 -9.8089741E-01
  2.0808000E+03  1.9018620E-01 -7.0840690E-05 -4.4519820E-04  4.5079911E-04 -4.7577458E-01 -2.9900046E+00 -9.8757559E-01
  2.0809000E+03  1.9020448E-01 -5.3251976E-05 -4.4501834E-04  4.4819314E-04 -3.6390293E-01 -3.0410792E+00 -9.9291643E-01
  2.2790000E+03  2.2814291E-01 -3.4682520E-04 -3.5163844E-05  3.4860323E-04 -2.4762663E+00 -2.5106320E-01 -1.0087068E-01
  2.2791000E+03  2.2816293E-01 -3.3093436E-04 -3.4631556E-05  3.3274148E-04 -2.6237464E+00 -2.7456931E-01 -1.0407946E-01
  2.2792000E+03  2.2818296E-01 -3.1482726E-04 -3.4106980E-05  3.1666937E-04 -2.7878158E+00 -3.0201952E-01 -1.0770533E-01
  2.2793000E+03  2.2820298E-01 -2.9850437E-04 -3.3589979E-05  3.0038833E-04 -2.9714231E+00 -3.3436709E-01 -1.1182185E-01
  2.2794000E+03  2.2822300E-01 -2.8196616E-04 -3.3080421E-05  2.8390004E-04 -3.1782533E+00 -3.7287438E-01 -1.1652137E-01
  2.2795000E+03  2.2824303E-01 -2.6521309E-04 -3.2578172E-05  2.6720652E-04 -3.4129717E+00 -4.1924167E-01 -1.2192132E-01
  2.2796000E+03  2.2826306E-01 -2.4824563E-04 -3.2083105E-05  2.5031025E-04 -3.6815685E+00 -4.7580353E-01 -1.2817336E-01
  2.2797000E+03  2.2828308E-01 -2.3106424E-04 -3.1595093E-05  2.3321435E-04 -3.9918584E+00 -5.4583582E-01 -1.3547662E-01
  2.2798000E+03  2.2830311E-01 -2.1366939E-04 -3.1114014E-05  2.1592288E-04 -4.3542205E+00 -6.3405096E-01 -1.4409781E-01
  2.2799000E+03  2.2832314E-01 -1.9606153E-04 -3.0639746E-05  1.9844122E-04 -4.7827208E+00 -7.4742534E-01 -1.5440213E-01
  2.2800000E+03  2.2834317E-01 -1.7824112E-04 -3.0172172E-05  1.8077682E-04 -5.2968622E+00 -8.9663842E-01 -1.6690288E-01
  2.2801000E+03  2.2836320E-01 -1.6020864E-04 -2.9711176E-05  1.6294036E-04 -5.9243932E+00 -1.0986966E+00 -1.8234387E-01
  2.2802000E+03  2.2838323E-01 -1.4196453E-04 -2.9256644E-05  1.4494785E-04 -6.7059490E+00 -1.3819900E+00 -2.0184255E-01
  2.2803000E+03  2.2840326E-01 -1.2350926E-04 -2.8808465E-05  1.2682454E-04 -7.7029213E+00 -1.7967020E+00 -2.2715213E-01
  2.2804000E+03  2.2842330E-01 -1.0484328E-04 -2.8366531E-05  1.0861296E-04 -9.0109135E+00 -2.4380041E+00 -2.6117079E-01
  2.2805000E+03  2.2844333E-01 -8.5967057E-05 -2.7930735E-05  9.0390601E-05 -1.0781434E+01 -3.5028928E+00 -3.0900043E-01
  2.2806000E+03  2.2846337E-01 -6.6881037E-05 -2.7500972E-05  7.2314429E-05 -1.3243862E+01 -5.4457752E+00 -3.8029716E-01
  2.2807000E+03  2.2848340E-01 -4.7585681E-05 -2.7077141E-05  5.4750056E-05 -1.6611567E+01 -9.4522920E+00 -4.9455915E-01
  2.2808000E+03  2.2850344E-01 -2.8081443E-05 -2.6659141E-05  3.8720502E-05 -1.9804070E+01 -1.8801010E+01 -6.8850195E-01
  2.2809000E+03  2.2852348E-01 -8.3687787E-06 -2.6246874E-05  2.7548772E-05 -1.1780401E+01 -3.6946693E+01 -9.5274206E-01
  2.2810000E+03  2.2854351E-01  1.1551859E-05 -2.5840244E-05  2.8304834E-05  1.5562913E+01 -3.4812535E+01 -9.1292687E-01
EndData
EndFile
